% Script to extract Bedmap2 data...

% Options:
% - Run something from Bedmap2_Toolbox
% - Select points in QGIS and then extract from netcdf files
% - Use profile tool in QGIS to select point locations and then copy from
%   clipboard into a matrix

% Values from QGIS:
scott_centerline_bed = [ 0.0	-754.0
1124.09344295	-718.0
2248.1868859	-661.0
3372.28032885	-640.0
4496.37377179	-640.0
5620.46721474	-626.0
6744.56065769	-597.0
7868.65410064	-570.0
8992.74754359	-543.0
10116.8409865	-549.0
11282.1021145	-533.0
12447.3632425	-483.0
13612.6243704	-430.0
14777.8854984	-414.0
15943.1466264	-372.0
17108.4077543	-366.0
18273.6688823	-338.0
19438.9300103	-307.0
20674.5499971	-302.0
21910.1699839	-268.0
23145.7899707	-253.0
24381.4099575	-228.0
25617.0299444	-185.0
26852.6499312	-163.0
27913.0829763	-128.0
28973.5160215	-117.0
30033.9490667	-101.0
31094.3821118	-91.0
32154.815157	-82.0
33215.2482021	-75.0
34275.6812473	-68.0
35336.1142925	-14.0
36396.5473376	-6.0
37456.9803828	0.0
38550.8940831	51.0
39644.8077835	37.0
40738.7214839	38.0
41832.6351843	35.0
42926.5488846	31.0
44020.462585	30.0
45370.2959363	68.0
46720.1292876	43.0
48069.9626389	39.0
49419.7959902	41.0
50769.6293415	60.0
52119.4626928	89.0
53469.2960441	123.0
54819.1293955	135.0
55991.3414397	125.0
57163.5534839	132.0
58335.7655282	137.0
59507.9775724	155.0
60680.1896166	204.0
61852.4016609	271.0
62893.7517128	274.0
63935.1017648	254.0
64976.4518168	225.0
66017.8018688	205.0
67059.1519208	200.0
68100.5019727	212.0
69141.8520247	220.0
70183.2020767	225.0
71224.5521287	236.0
72265.9021807	250.0
73423.9480001	258.0
74581.9938195	255.0
75740.0396389	239.0
76898.0854583	233.0
78056.1312777	292.0
79214.1770971	321.0
80285.6469845	369.0
81357.116872	413.0
82428.5867594	388.0
83500.0566469	394.0
84571.5265343	391.0
85642.9964217	396.0
86714.4663092	399.0
87785.9361966	431.0
88857.4060841	436.0
89921.3239169	436.0
90985.2417497	448.0
92049.1595825	477.0
93113.0774153	471.0
94176.9952481	488.0
95240.9130808	529.0
96304.8309136	529.0
97368.7487464	529.0
98432.6665792	552.0
99496.584412	541.0
100560.502245	527.0
101843.438839	534.0
103126.375434	533.0
104409.312029	537.0
105692.248623	562.0
106975.185218	584.0
108258.121813	579.0
109541.058407	604.0
110823.995002	625.0
112106.931597	636.0
113389.868191	632.0
114665.280391	662.0
115940.692591	685.0
117216.104791	698.0
118491.516992	680.0
119766.929192	678.0
121042.341392	672.0
122317.753592	681.0
123593.165792	694.0
124868.577992	710.0
126143.990192	724.0
127419.402392	740.0
128851.825962	765.0
130284.249532	791.0
131716.673102	831.0
133149.096672	878.0
134581.520241	919.0
136013.943811	915.0
137446.367381	947.0
138878.790951	981.0
140275.94188	1005.0
141673.092809	1011.0
143070.243738	1003.0
144467.394667	987.0
145864.545596	984.0
147261.696525	1003.0
148658.847454	1022.0
150055.998384	1042.0
151366.571291	1096.0
152677.144199	1156.0
153987.717106	1291.0
155298.290013	1359.0
156608.862921	1395.0
157919.435828	1409.0
159230.008736	1443.0
160540.581643	1439.0
160540.581643	1439.0];


scott_centerline_surface = [ 0.0	212.0
1124.09344295	248.0
2248.1868859	304.0
3372.28032885	324.0
4496.37377179	324.0
5620.46721474	335.0
6744.56065769	363.0
7868.65410064	389.0
8992.74754359	400.0
10116.8409865	392.0
11282.1021145	396.0
12447.3632425	432.0
13612.6243704	460.0
14777.8854984	479.0
15943.1466264	501.0
17108.4077543	519.0
18273.6688823	529.0
19438.9300103	543.0
20674.5499971	565.0
21910.1699839	596.0
23145.7899707	614.0
24381.4099575	636.0
25617.0299444	655.0
26852.6499312	685.0
27913.0829763	699.0
28973.5160215	723.0
30033.9490667	726.0
31094.3821118	729.0
32154.815157	738.0
33215.2482021	744.0
34275.6812473	751.0
35336.1142925	762.0
36396.5473376	769.0
37456.9803828	775.0
38550.8940831	781.0
39644.8077835	784.0
40738.7214839	790.0
41832.6351843	799.0
42926.5488846	811.0
44020.462585	826.0
45370.2959363	850.0
46720.1292876	854.0
48069.9626389	862.0
49419.7959902	880.0
50769.6293415	908.0
52119.4626928	921.0
53469.2960441	946.0
54819.1293955	943.0
55991.3414397	948.0
57163.5534839	953.0
58335.7655282	957.0
59507.9775724	976.0
60680.1896166	1004.0
61852.4016609	1063.0
62893.7517128	1072.0
63935.1017648	1053.0
64976.4518168	1035.0
66017.8018688	1030.0
67059.1519208	1033.0
68100.5019727	1036.0
69141.8520247	1039.0
70183.2020767	1044.0
71224.5521287	1055.0
72265.9021807	1070.0
73423.9480001	1085.0
74581.9938195	1096.0
75740.0396389	1096.0
76898.0854583	1090.0
78056.1312777	1100.0
79214.1770971	1116.0
80285.6469845	1150.0
81357.116872	1188.0
82428.5867594	1209.0
83500.0566469	1222.0
84571.5265343	1230.0
85642.9964217	1239.0
86714.4663092	1249.0
87785.9361966	1270.0
88857.4060841	1275.0
89921.3239169	1275.0
90985.2417497	1275.0
92049.1595825	1285.0
93113.0774153	1290.0
94176.9952481	1302.0
95240.9130808	1323.0
96304.8309136	1343.0
97368.7487464	1361.0
98432.6665792	1378.0
99496.584412	1393.0
100560.502245	1404.0
101843.438839	1419.0
103126.375434	1432.0
104409.312029	1441.0
105692.248623	1445.0
106975.185218	1449.0
108258.121813	1461.0
109541.058407	1480.0
110823.995002	1501.0
112106.931597	1534.0
113389.868191	1545.0
114665.280391	1564.0
115940.692591	1583.0
117216.104791	1599.0
118491.516992	1604.0
119766.929192	1613.0
121042.341392	1620.0
122317.753592	1625.0
123593.165792	1627.0
124868.577992	1632.0
126143.990192	1640.0
127419.402392	1651.0
128851.825962	1671.0
130284.249532	1697.0
131716.673102	1727.0
133149.096672	1757.0
134581.520241	1784.0
136013.943811	1795.0
137446.367381	1822.0
138878.790951	1848.0
140275.94188	1869.0
141673.092809	1883.0
143070.243738	1891.0
144467.394667	1894.0
145864.545596	1894.0
147261.696525	1896.0
148658.847454	1902.0
150055.998384	1916.0
151366.571291	1936.0
152677.144199	1965.0
153987.717106	2001.0
155298.290013	2058.0
156608.862921	2123.0
157919.435828	2185.0
159230.008736	2214.0
160540.581643	2257.0
160540.581643	2257.0 ];


save Scott.mat scott_centerline_bed scott_centerline_surface

% -------------------------------------------------------------------------

