DH_DATA/Shapefiles/Gridded Datasets/bedelev_bump.asc
ncols         220
nrows         220
xllcorner     330000
yllcorner     -1110000
cellsize      1000
NODATA_value  -9999
[rows 56 to 83 of 220, columns 124 to 185 of 220]
779.0017 757.8342 751.0504 747.2866 760.0763 776.1879 805.4188 826.8853 860.7675 892.3767 922.068 971.5494 999.7524 1033.361 1053.052 1087.843 1130.659 1145.98 1161.431 1178.435 1172.77 1125.091 1083.228 1012.222 948.0909 896.7819 800.6288 751.253 675.6919 625.1863 590.082 536.8546 511.4669 472.714 450.5552 436.3007 401.5809 383.2084 353.5966 335.6293 324.9093 308.6323 299.1199 283.2906 278.5099 284.5342 278.8473 279.0283 258.573 240.6364 227.2623 199.3475 184.3845 159.1976 139.5643 126.3536 104.4333 95.02747 74.78381 58.14612 43.75159 19.05591
810.7404 785.3662 777.9158 773.4991 787.6169 806.9287 837.0909 859.22 895.2992 928.0629 958.6876 1008.014 1035.702 1071.357 1094.999 1137.453 1191.517 1211.274 1221.145 1230.414 1232.205 1194.535 1159.886 1095.497 1036.99 985.4498 886.736 833.6422 753.0408 695.3802 652.5227 589.5553 558.3906 513.4602 489.5295 476.9349 440.4814 419.8381 387.4485 366.5254 351.8967 332.0173 322.8787 305.9841 300.8556 304.9702 295.9165 291.4044 267.4637 248.8292 235.2539 206.8232 191.5209 165.9897 146.1658 132.5469 111.723 103.2839 84.32312 68.62451 54.49084 30.38965
834.4815 807.7375 803.7532 805.121 816.5055 830.4631 860.2208 882.1139 918.9931 952.9314 982.3872 1028.797 1056.127 1093.004 1115.573 1151.548 1207.65 1238.099 1249.5 1254.189 1263.05 1236.242 1209.88 1151.167 1094.189 1044.325 949.8364 896.3226 813.8777 753.3489 706.6437 638.0178 603.9683 555.8514 528.4589 513.642 474.4003 452.2347 418.3679 395.3381 380.0044 355.7516 346.9956 329.9896 321.0693 322.3199 309.9227 301.4762 273.7352 253.8494 240.097 211.7432 196.4353 170.5327 150.5229 137.0193 116.3519 108.1439 89.96887 74.72217 61.99329 40.01367
859.916 839.0347 835.0309 825.1985 829.7448 843.7192 875.4609 899.6229 936.9517 970.2744 997.571 1041.827 1068.454 1105.464 1129.376 1156.732 1208.692 1245.898 1266.803 1267.765 1276.112 1262.794 1237.029 1181.357 1125.89 1080.073 995.1479 946.2407 863.4827 802.7709 756.4568 684.8422 648.7963 598.7893 569.2284 549.4618 506.1597 484.4586 448.796 424.4034 408.9453 380.1777 368.7521 348.5739 336.9608 334.7271 317.0371 308.1432 279.4958 257.5427 242.6642 214.5875 199.1945 172.8477 153.0228 140.4795 120.1162 111.2729 93.22754 78.69385 67.83582 48.3479
903.8816 867.9806 852.4509 839.1584 846.5783 860.1859 890.509 916.7523 954.189 985.702 1010.669 1051.875 1076.789 1112.353 1139.34 1163.528 1211.789 1252.733 1273.879 1274.43 1284.853 1273.341 1248.85 1198.806 1154.307 1118.245 1046.3 1008.299 932.2355 873.6116 829.9634 760.0552 723.6471 669.7779 634.4452 609.0006 563.3298 541.5559 502.9611 475.9165 457.3623 420.822 401.5687 372.5914 355.5342 347.8832 323.2104 312.6262 284.3226 262.1064 246.288 217.3402 201.0659 174.3418 155.1826 143.9276 125.2949 116.991 99.38989 85.57874 76.1322 58.52197
925.6064 885.3333 867.6617 852.0824 856.9714 870.3062 898.3395 923.7267 962.4633 992.5905 1017.27 1056.91 1081.675 1116.124 1142.444 1164.321 1202.599 1235.406 1261.318 1276.079 1286.802 1263.244 1238.366 1190.96 1152.861 1125.133 1065.758 1038.917 972.8364 917.4673 874.9055 808.321 773.0615 717.2231 678.6567 650.7076 604.7059 583.3571 543.3314 514.4222 493.9503 453.3152 429.3756 393.0765 369.3077 355.1345 325.0745 312.7323 285.0461 265.8807 250.7687 220.3529 202.6133 175.0145 156.1519 145.793 128.9167 122.0743 105.5447 91.80005 82.41162 65.0282
959.9548 911.0965 890.4156 869.8643 871.1832 880.627 905.8085 926.1219 961.5626 988.4641 1010.752 1046.827 1069.543 1101.523 1126.022 1149.057 1184.967 1208.906 1236.873 1254.098 1263.194 1241.358 1216.613 1177.321 1148.604 1131.379 1087.772 1071.341 1015.854 966.3218 928.2211 863.8464 828.36 773.0954 734.7698 707.6822 662.8295 640.5383 597.3008 564.7477 540.7957 494.1831 466.5973 422.5627 390.6033 369.5397 333.7576 319.3177 290.2792 272.0576 258.075 227.0704 207.7794 179.6653 160.8899 151.5576 136.9713 131.8934 117.1115 103.782 93.65088 74.85498
982.2947 934.1473 910.9223 886.6976 882.4571 889.4388 905.8074 922.2278 950.0383 975.8038 995.2141 1025.767 1046.803 1075.081 1099.024 1124.132 1158.394 1177.839 1200.819 1215.756 1224.878 1201.912 1180.594 1153.33 1134.929 1127.578 1097.699 1085.277 1035.29 990.7661 957.1168 896.8412 862.5396 809.3937 774.1232 751.9251 709.9166 686.6227 641.2006 604.7297 576.3799 525.3722 496.1023 447.6493 411.3818 387.2173 347.9458 330.2261 299.778 280.6553 267.4244 236.3888 215.8799 187.585 168.994 160.4492 147.478 143.3022 129.0657 115.7578 104.8451 83.69568
1003.525 953.9686 928.8155 901.4589 893.6556 895.5799 904.2332 916.6498 934.9414 959.9153 977.8861 1003.444 1022.673 1046.97 1069.268 1093.24 1126.833 1147.598 1167.091 1176.925 1182.308 1163.6 1149.663 1130.145 1120.419 1120.738 1101.22 1091.48 1043.808 1001.693 971.1975 913.9902 882.3375 832.839 803.3953 787.4948 747.1903 723.2009 675.1024 634.4908 602.7715 548.2328 517.7222 467.2203 429.7385 404.6227 363.3243 344.13 311.6976 290.976 276.9236 245.8774 225.6843 197.7633 179.8279 171.4917 158.6349 154.282 139.5758 125.4044 112.9778 89.83374
1037.592 984.2434 955.4832 920.4697 904.1388 899.2012 895.481 899.2916 904.7833 919.215 936.045 949.8842 962.258 977.3616 993.2737 1013.222 1046.564 1067.403 1087.352 1092.727 1092.703 1088.51 1085.518 1077.529 1078.716 1087.449 1083.145 1083.145 1048.993 1015.862 990.6884 938.9387 909.7595 864.718 841.4702 831.0985 794.014 769.7294 718.7732 674.7585 640.1238 579.7634 545.0333 490.6803 452.2594 425.998 382.3861 361.9634 327.3641 304.6082 288.9482 258.8961 240.6967 214.2454 197.2294 189.1616 176.2258 171.046 155.4885 139.6453 125.2341 101.694
1065.179 1006.749 975.84 935.3367 914.4001 903.6686 892.1176 890.2563 887.2526 889.9851 911.3017 917.6915 924.333 933.1469 943.6248 958.9035 989.636 1010.032 1031.341 1042.582 1045.404 1042.995 1042.512 1041.348 1047.225 1059.396 1062.639 1066.928 1046.023 1024.011 1001.799 951.9296 921.8961 878.119 857.3537 852.934 821.4501 797.9269 745.9396 700.4441 664.5796 601.6503 563.6514 505.5348 466.5295 441.4618 397.4645 376.0541 339.7129 314.6073 297.6108 269.1012 252.9453 228.0781 212.1998 204.2551 190.783 184.0504 166.4392 148.334 132.8378 110.1912
1093.276 1034.318 1001.113 954.6808 925.9651 907.5157 884.6868 873.9767 857.4846 846.4127 860.7856 863.1136 862.066 859.3716 861.7556 869.6804 892.032 909.1435 930.6112 947.8306 962.4107 972.2347 975.1647 980.6368 993.4951 1012.12 1027.516 1038.317 1033.724 1024.978 1011.708 967.1615 935.8087 894.7031 875.4004 875.2965 851.2466 831.0884 778.9589 732.3912 694.7729 628.6172 588.2134 526.6472 486.2185 461.1719 416.2633 393.6959 355.3938 328.7318 311.9364 284.9445 269.9674 246.8774 232.6337 225.528 212.2312 204.2484 185.4551 166.3789 151.5146 131.4114
1120.561 1059.525 1021.912 971.7272 936.5594 912.5372 877.9708 860.4907 834.6 815.6635 812.6494 821.8425 814.4146 803.3372 797.8102 798.9855 814.0699 827.988 851.0372 874.3975 895.499 917.5355 928.0686 937.9693 953.1301 974.3821 997.4304 1012.486 1018.571 1019.562 1013.684 973.9971 941.4008 901.6556 883.3724 885.1372 866.5624 850.9263 799.7898 753.0743 714.208 646.7231 605.9623 544.9231 505.3955 480.1465 433.855 411.0117 371.5594 344.8876 328.5498 302.2457 287.7468 265.6764 252.1235 245.4052 232.5853 223.8523 204.9194 186.215 172.7078 155.6561
1151.998 1081.965 1035.9 987.0665 946.5537 916.5134 875.1866 852.5833 818.6672 793.3323 776.8107 782.4086 778.0786 759.7665 749.8611 749.1545 760.437 771.963 794.7152 821.5446 849.0798 880.553 898.7021 913.713 928.4552 948.8824 975.9028 992.7323 1003.532 1007.574 1005.45 971.0457 939.6421 902.2312 887.018 891.715 875.9899 862.0335 811.6377 764.981 725.9354 658.481 618.4479 559.5863 522.0647 498.0209 452.8522 429.2471 388.3149 361.5967 345.4653 319.2863 305.4059 283.7357 270.0228 262.7151 250.1674 241.3833 222.5999 204.9943 193.8589 180.3733
1146.351 1108.207 1053.305 989.8594 954.1913 918.6893 865.5563 835.6688 790.3289 754.6277 729.0042 706.4423 714.9545 689.2416 677.8972 675.0837 682.1184 690.029 710.5452 739.9222 771.338 811.7906 837.7728 863.1109 883.1216 906.7029 941.576 961.1344 975.5524 980.3862 981.1989 955.1749 929.5817 899.071 890.0051 897.9185 884.33 871.4944 822.255 776.1659 738.1366 671.9852 633.8536 578.2307 543.129 521.3813 479.2776 456.8395 415.6022 388.7927 373.4194 347.6865 333.9823 312.4301 298.6085 290.8354 278.296 268.9022 250.851 235.9937 229.0665 221.3766
1152.52 1130.357 1073.761 1003.787 972.4384 923.9928 865.0651 829.7176 777.8688 736.6871 706.1011 662.4109 677.8299 655.1686 646.527 644.6931 649.7826 656.5828 674.3635 702.2741 732.5458 774.6074 802.2967 834.0648 861.4492 889.0199 925.0424 943.0469 955.7788 958.0582 959.1567 937.232 917.8002 894.1975 889.5547 899.8434 888.1281 875.4561 826.6207 780.6338 744.1119 679.9213 643.4692 589.4518 555.3826 533.9587 494.7134 474.1605 435.6042 409.5017 394.1611 369.1837 355.2158 332.9487 318.2999 309.4319 295.7042 285.5974 269.5836 258.3806 255.5646 251.8424
1154.563 1123.922 1098.775 1031.537 962.9902 925.3716 859.7157 820.2518 759.169 711.3719 674.4376 618.8241 616.1236 604.6686 593.934 594.4117 598.5664 606.4258 622.7921 646.6386 674.6747 717.9547 747.1841 786.577 820.9126 852.1193 893.2847 913.4611 929.191 930.1631 930.5738 914.1699 901.0742 885.2715 886.6774 900.5948 891.3748 878.7826 830.3237 785.4093 751.7164 691.0359 656.7209 603.8907 570.2058 549.7228 512.5242 494.62 460.9919 437.3948 421.929 397.8066 384.204 361.7607 346.4917 337.4136 324.511 316.308 304.8252 297.835 297.8501 295.2178
1156.015 1123.379 1108.679 1057.586 968.476 929.1678 860.6754 816.7965 751.9394 698.9651 658.7652 597.1382 574.0367 575.9345 565.492 564.1956 570.1956 580.2392 596.3422 617.1876 641.9942 685.3607 715.7699 757.7009 793.5405 825.7593 871.6234 894.6962 912.5313 911.896 908.4041 894.5004 885.9437 875.4878 882.6673 899.113 891.1223 880.0343 832.5775 788.4633 755.8804 697.8916 666.2799 615.1467 581.9956 562.0503 526.3411 509.9636 478.5236 456.6198 441.8728 418.2246 405.3823 383.7587 368.4634 361.3335 351.5884 345.7413 338.2673 334.6654 336.0258 332.8588
1161.42 1125.339 1113.672 1069.579 1019.986 930.5286 864.1136 820.6486 752.3923 696.8199 653.3475 587.3217 554.6685 548.8087 551.2852 548.87 552.4323 562.4852 579.1715 601.1765 625.2945 668.5584 698.8644 740.8738 777.6432 810.9602 858.0255 881.9579 901.1307 900.1048 893.9203 879.585 873.2335 865.0646 873.8287 891.4999 886.5613 878.5982 832.6694 789.5757 757.2482 701.8016 673.0081 624.333 591.2239 572.2009 537.2418 521.1628 489.8014 467.9222 453.6414 431.2661 420.2609 400.6425 386.634 381.8934 376.2505 373.396 368.5546 367.1404 368.6069 363.8153
1158.824 1136.188 1134.217 1085.109 1036.074 958.4633 861.7953 822.3927 751.215 693.2646 648.6531 579.3124 542.4013 511.4459 535.5704 532.6848 533.051 541.6898 558.2286 580.8197 605.2196 647.6222 676.8905 719.0624 755.9336 789.1436 836.6029 860.3505 880.6251 880.984 875.4926 861.8768 855.6763 847.1267 853.4714 872.6401 871.5434 867.4707 828.2327 787.7242 756.0164 705.6254 680.1532 635.9584 605.5214 586.9703 552.5349 536.027 505.1868 483.7505 470.9177 452.1528 444.7255 428.8057 417.2312 413.8589 412.9509 414.2693 410.7817 410.3423 410.6821 403.9789
1194.709 1141.681 1137.37 1094.348 1044.101 1003.354 892.2078 823.5591 758.8373 702.4586 656.5701 585.8696 544.4675 499.5815 525.259 533.6707 532.5062 540.6554 556.7511 578.97 602.7539 643.8188 671.8179 713.3253 749.7223 781.3177 826.8242 849.4344 869.9708 871.2883 866.395 852.5493 845.3538 835.6677 838.1992 854.2605 853.0836 852.7103 822.1347 786.392 755.7771 707.9061 684.2261 642.4047 614.9575 596.6307 561.4717 543.9226 512.9595 492.0693 481.2521 465.7255 461.2671 448.6844 440.2609 438.4562 439.0826 443.5764 441.7502 439.141 436.5215 426.8834
1185.232 1156.056 1110.647 1083.501 1040.446 1012.354 982.7989 891.3718 770.3209 721.7375 673.2361 602.1099 559.6251 509.3429 508.3574 543.4456 540.5679 547.0389 561.3257 582.5352 605.3918 644.1007 670.7995 710.1089 744.0894 772.9385 815.3207 836.6468 857.8708 861.5293 857.9845 844.6862 836.8739 826.136 824.8707 835.5333 832.7476 833.6707 808.4541 782.2102 758.2528 712.7098 689.1755 651.7523 626.5609 609.3481 576.1268 558.9662 530.496 512.0924 502.9559 490.3369 488.4183 479.9298 475.6035 476.1511 476.7416 481.5599 480.3811 475.6212 471.0999 461.5645
1182.386 1140.736 1119.637 1093.713 1029.241 1014.475 1010.556 894.9117 801.9683 739.408 699.5136 631.2712 589.8412 536.423 511.2596 559.7458 563.0724 567.0675 580.4025 600.1797 621.4451 657.523 682.8297 718.6418 749.1351 775.0459 813.6918 833.699 855.1796 860.7432 858.9459 846.9689 838.506 825.0009 819.5984 824.6442 817.6976 818.4545 797.587 778.7 761.3489 719.3348 695.8086 658.6835 634.473 618.4415 588.0413 573.4486 548.7333 533.3695 525.9829 514.9706 515.2472 510.7191 509.686 512.489 513.6833 516.0394 512.7661 507.4845 502.4955 494.3885
1180.929 1160.831 1143.386 1082.198 1039.252 1029.223 1004.316 955.0289 826.2105 775.9283 737.2961 670.5729 625.6317 571.963 546.9534 587.8507 589.296 591.8184 602.6919 620.9744 641.5013 675.1447 698.8287 731.6502 759.2792 782.1584 817.3171 836.4858 857.4958 864.3177 864.7032 854.4398 845.5893 829.3779 818.8114 817.1579 805.8716 806.096 787.8609 773.0723 761.7046 723.3611 700.9894 663.4222 639.5789 624.4354 596.8257 586.0923 565.5332 553.0804 547.9647 539.5093 541.28 538.6431 539.7383 543.8871 545.2185 545.9476 541.1732 535.4186 530.522 523.5315
1192.512 1180.166 1172.41 1119.626 1068.263 1049.232 1015.628 1000.305 957.4305 829.924 781.7383 728.9117 687.8065 639.0168 647.4033 647.3394 639.7065 641.1497 648.3494 663.4299 682.2086 710.4264 730.3215 757.6697 780.9733 799.7097 828.745 845.6075 864.0336 870.8309 872.2562 863.1051 854.4744 836.7346 822.7667 815.7854 799.9989 799.0252 783.8742 773.5481 765.9686 731.5734 709.7247 673.5775 651.5482 638.0088 613.8176 605.87 589.6039 581.4979 580.1906 576.9216 581.7377 581.8505 584.2207 588.5603 589.6245 589.3741 583.6013 577.5175 573.8158 568.214
1363.134 1244.052 1193.675 1144.504 1092.028 1069.836 1036.511 1017.976 975.4357 943.4356 836.2507 769.2382 739.322 702.4174 687.9554 678.3777 671.356 673.5485 680.0049 693.1559 709.9767 734.8937 752.7261 776.1426 796.7172 813.7759 839.5197 855.321 872.6545 879.5471 880.8093 871.3464 862.9616 845.0192 830.1788 819.2412 797.8654 794.4653 781.9006 774.2112 769.2621 735.5118 714.1085 679.4797 658.8864 646.3701 623.7424 616.4928 601.5981 596.7478 599.8823 600.8337 608.7045 611.3445 613.6121 616.4657 616.0729 614.816 608.6871 602.7822 599.6581 594.0966
1320.484 1271.907 1224.399 1164.153 1123.805 1111.36 1074.464 1053.454 1030.723 996.8203 909.9389 834.0291 781.8773 754.1494 736.7311 725.8502 718.2386 721.0001 731.2233 744.2996 756.8408 775.6251 789.5106 806.5588 822.2887 836.6486 857.678 871.4963 885.9095 891.106 891.7809 881.988 873.632 856.2975 841.5657 828.7421 804.3713 798.2373 784.6809 779.2681 774.7965 742.4365 722.8395 690.1943 671.2788 659.4395 637.2258 629.8926 616.1772 614.1455 621.3115 626.5941 636.775 640.9207 642.7692 644.3231 643.6605 642.9136 638.3354 633.2383 630.0468 624.2864
1348.038 1290.86 1243.308 1195.146 1174.016 1151.921 1110.009 1089.467 1070.548 1028.509 945.5169 867.0641 813.2247 788.2601 777.05 765.3676 755.2707 756.8031 768.5604 786.8906 800.7084 812.3892 820.7186 833.2712 847.378 858.9377 876.6915 888.3295 899.8374 903.5853 904.1791 894.8737 886.8037 869.7714 854.9528 841.5235 813.9775 804.5142 788.168 780.3004 775.8113 746.0669 729.8615 698.7024 680.3918 668.7427 646.1268 638.3589 624.9102 624.2234 632.85 639.7756 649.9846 652.934 653.2998 653.9413 654.1132 654.4977 651.2202 646.7748 643.8478 638.3768
