DH_DATA/Shapefiles/Gridded Datasets/bedelev_bump.asc
ncols         220
nrows         220
xllcorner     330000
yllcorner     -1110000
cellsize      1000
NODATA_value  -9999
[rows 168 to 195 of 220, columns 124 to 185 of 220]
1801.691 1832.16 1853.31 1819.063 1709.128 1647.852 1643.778 1642.331 1642.775 1652.469 1649.002 1598.665 1515.223 1466.352 1438.86 1408.83 1392.887 1392.769 1399.533 1404.168 1413.344 1397.573 1386.046 1370.534 1348.584 1332.992 1324.502 1317.083 1310.777 1296.159 1264.937 1212.471 1197.127 1177.774 1138.846 1106.116 1080.791 1047.032 1017.567 959.2567 907.3434 900.0662 910.3354 861.8687 759.3807 750.1449 753.3568 741.6639 734.6785 780.9261 822.0038 820.743 832.7476 831.7334 810.9148 770.9888 720.0427 669.3026 596.094 576.0164 566.4775 550.1558
1836.969 1842.799 1876.092 1867.025 1741.323 1664.303 1651.325 1619.793 1593.168 1599.434 1621.262 1625.098 1585.434 1527.557 1492.007 1476.566 1492.204 1465.222 1444.908 1461.733 1475.187 1461.237 1451.152 1425.569 1393.167 1369.065 1351.455 1329.93 1323.217 1313.507 1274.361 1239.212 1228.973 1214.92 1187.754 1157.05 1137.609 1106.776 1063.066 1009.325 951.8557 909.0182 897.6898 831.009 706.3983 665.0231 662.1603 661.2975 634.5782 646.9755 692.1523 740.3976 759.8787 770.4181 760.5173 732.8016 693.5563 650.8042 582.3275 567.6886 562.2217 546.2211
1906.519 1894.287 1912.203 1912.424 1868.664 1765.601 1708.956 1686.395 1646.614 1609.98 1609.187 1618.126 1616.092 1582.619 1529.074 1528.666 1580.776 1569.227 1545.432 1548.808 1549.896 1541.276 1531.225 1512.551 1461.529 1419.068 1385.106 1357.631 1343.972 1323.369 1265.636 1245.475 1246.087 1240.167 1227.148 1218.805 1185.794 1157.634 1135.287 1088.629 1039.135 979.0907 920.2615 843.05 761.5231 686.1494 634.4567 602.2957 569.6975 569.3778 594.8784 676.8621 700.3676 718.9261 719.944 703.5958 672.8895 636.3351 572.1501 561.8528 560.1088 544.5725
1899.925 1926.144 1969.638 1996.784 1985.63 1917.357 1822.632 1787.12 1762.12 1714.473 1670.229 1646.892 1635.786 1623.488 1594.502 1585.613 1600.849 1602.35 1591.388 1575.674 1572.423 1583.752 1585.585 1557.356 1518.638 1470.006 1415.802 1385.087 1369.884 1332.205 1276.098 1261.68 1260.718 1244.733 1237.014 1244.358 1246.082 1209.4 1177.594 1144.406 1110.746 1077.048 1010.226 903.9513 828.5168 761.79 690.8719 610.4387 554.2174 542.7637 553.1821 646.7805 668.9419 688.7063 694.9996 686.0182 660.7954 627.6639 566.4781 558.8234 559.3726 544.4434
1909.294 1943.971 1984.791 2050.881 2095.545 2070.55 2021.069 1959.353 1895.368 1853.609 1793.407 1727.549 1690.939 1660.813 1627.268 1597.025 1597.429 1594.955 1581.879 1565.401 1547.693 1545.768 1557.547 1555.454 1538.444 1505.114 1440.673 1406.419 1386.126 1322.156 1275.121 1265.76 1252.45 1224.687 1226.532 1224.599 1222.74 1225.3 1208.905 1174.224 1148.92 1112.804 1052.108 968.3564 921.9613 866.8126 800.4402 697.7223 597.1447 558.4833 555.1473 663.1675 674.3737 688.2572 691.8085 682.4713 658.3156 625.5485 565.7744 558.4181 560.6039 546.193
1920.802 1974.408 2009.099 2058.731 2135.234 2170.833 2165.962 2156.555 2089.586 1993.225 1900.666 1818.295 1768.127 1733.223 1690.633 1641.408 1606.79 1586.119 1549.257 1509.781 1491.154 1477.217 1477.502 1491.729 1500.59 1475.921 1445.186 1438.573 1394.143 1303.868 1273.976 1270.069 1240.143 1202.148 1211.483 1217.894 1204.392 1197.708 1195.134 1168.226 1149.51 1140.304 1092.414 1021.588 992.3219 978.8517 947.0079 885.4169 793.5084 693.5248 647.2085 716.9141 713.1798 714.2101 708.8766 693.4095 665.1301 629.7229 570.3512 560.4393 562.8022 548.6611
1939.206 1986.929 2023.146 2050.36 2126.425 2194.143 2205.215 2220.581 2174.642 2081.451 1995.6 1892.24 1811.761 1755.066 1717.285 1707.898 1657.583 1610.791 1575.956 1522.556 1470.367 1427.405 1413.468 1434.797 1436.603 1408.415 1408.932 1408.72 1359.138 1308.085 1289.862 1270.003 1222.342 1190.124 1174.451 1171.929 1179.051 1178.722 1169.153 1144.571 1132.088 1113.325 1091.837 1060.731 1041.233 1027.274 1016.46 1003.633 975.2782 909.8285 835.0201 784.6495 771.6547 759.3679 741.3948 715.4183 679.3536 639.1019 578.5814 564.71 566.6705 552.6342
1987.6 2014.001 2046.85 2080.067 2123.176 2169.331 2184.716 2156.798 2104.208 2033.089 1964.118 1892.007 1828.536 1784.027 1735.88 1700.002 1669.152 1612.157 1544.212 1512.748 1482.247 1441.495 1420.683 1417.984 1386.006 1364.919 1404.781 1413.337 1334.317 1289.009 1294.98 1273.034 1223.789 1207.124 1182.387 1148.494 1140.231 1151.673 1150.551 1126.231 1114.173 1095.7 1059.145 1042.16 1033.646 1022.946 1009.838 1020.578 1020.477 1001.015 959.9442 850.472 830.552 809.8441 780.2133 742.53 697.5245 651.5793 588.4025 570.1714 569.35 556.2513
2041.281 2054.788 2085.996 2107.218 2114.821 2126.182 2127.072 2063.58 1961.224 1859.204 1804.804 1758.826 1717.935 1737.086 1746.104 1713.788 1649.147 1594.942 1536.751 1484.251 1456.998 1431.685 1430.869 1439.886 1397.104 1381.17 1379.594 1387.356 1342.91 1301.781 1276.082 1246.583 1229.522 1221.301 1211.813 1185.92 1159.027 1148.221 1148.087 1131.949 1122.009 1095.168 1045.349 1024.218 1012.966 987.1158 963.2094 970.679 988.9294 1001.458 995.7111 903.5667 881.2184 854.3566 816.6062 768.3047 715.9987 664.707 598.098 576.6429 575.5308 561.3961
2101.102 2106.619 2115.804 2133.527 2114.774 2076.462 2027.047 1914.982 1790.7 1678.145 1557.693 1520.419 1561.627 1557.781 1590.957 1641.031 1612.011 1582.714 1546.388 1502.974 1464.26 1426.981 1415.579 1395.753 1387.719 1435.162 1443.166 1364.612 1326.441 1304.837 1258.723 1212.065 1208.106 1207.197 1192.575 1183.783 1173.999 1157.485 1143.501 1129.017 1121.528 1081.526 1026.372 1014.228 1009.385 975.1913 952.8923 936.2079 930.5834 952.1683 968.3143 936.342 915.306 886.5104 844.7158 790.7206 732.4706 676.7233 606.4796 584.4443 582.3862 568.1099
2130.908 2158.431 2160.154 2157.568 2139.961 2061.117 1967.943 1828.244 1654.335 1501.253 1320.349 1243.222 1296.392 1362.928 1402.013 1472.022 1531.985 1563.503 1572.593 1575.495 1540.165 1486.378 1450.434 1384.352 1360.392 1385.626 1416.396 1380.462 1324.515 1273.514 1248.334 1219.673 1186.622 1175.328 1172.341 1165.047 1163.427 1159 1144.441 1116.641 1111.296 1074.619 1031.809 1015.465 1007.103 991.7222 986.5013 970.7837 943.2249 934.2202 946.2672 954.8035 936.2637 907.9727 864.9045 807.7957 746.0991 686.9559 613.8019 590.6863 587.5961 573.0208
2171.281 2178.105 2173.015 2146.098 2104.285 2066.331 1978.334 1808.606 1618.356 1405.97 1222.903 1093.51 1114.895 1206.678 1219.543 1246.69 1371.106 1513.96 1575.003 1612.548 1621.38 1571.2 1502.114 1420.087 1396.003 1400.737 1393.285 1364.359 1352.071 1289.339 1260.273 1258.176 1231.43 1172.457 1141.68 1143.605 1145.224 1148.565 1138.818 1108.902 1091.553 1067.239 1045.711 1037.604 1019.631 1001.556 1006.662 1009.644 997.0631 970.8446 959.1782 965.1416 949.3734 922.3326 879.4691 821.1956 758.004 696.554 618.7491 596.2158 593.9626 579.0023
2175.359 2174.419 2170.304 2139.553 2063.546 1962.501 1913.035 1833.818 1681.739 1432.926 1214.888 1079.135 1040.937 1047.056 1042.987 1056.329 1094.241 1240.272 1429.28 1530.274 1564.709 1566.305 1522.535 1449.569 1407.556 1376.07 1348.251 1322.766 1317.849 1304.343 1264.717 1256.416 1267.986 1252.667 1202.463 1167.84 1154.712 1149.08 1144.964 1125.762 1103.216 1059.744 1033.751 1019.084 1000.192 998.4302 996.0769 999.8566 1003.28 998.087 983.2878 969.6187 958.5177 932.4886 889.4651 831.8254 766.3517 703.3429 622.8394 600.8734 597.899 582.5504
2168.896 2126.854 2132.412 2096.553 2021.516 1899.707 1764.052 1730.117 1681.896 1534.051 1362.406 1172.677 1080.217 1037.13 931.186 913.5566 957.5989 972.2862 1078.922 1249.894 1366.585 1421.7 1432.452 1423.19 1399.442 1339.975 1297.732 1299.045 1306.294 1296.175 1271.998 1256.346 1212.523 1201.99 1213.891 1191.568 1164.727 1148.37 1123.36 1088.475 1061.94 1029.365 1017.571 1000.698 975.2236 977.4709 981.5228 976.6414 979.5654 988.897 992.1556 972.149 962.7477 938.7399 897.066 837.7778 771.8431 708.1254 625.7903 604.6532 604.7866 588.7469
2114.771 2142.06 2088.802 2050.009 1997.079 1925.583 1779.576 1595.53 1576.498 1661.474 1664.226 1553.332 1340.804 1206.654 1157.502 1059.843 1010.706 1011.295 993.8501 1021.479 1144.243 1304.083 1410.536 1461.635 1459.658 1373.806 1310.058 1314.07 1327.672 1339.331 1328.778 1343.945 1293.42 1218.9 1201.039 1202.586 1186.325 1167.706 1154.45 1098.565 1040.508 991.4748 968.2166 952.8521 956.9561 962.9993 969.8185 972.8287 963.2391 968.2505 978.3118 968.3328 960.4979 939.5017 898.688 839.8198 773.7227 709.8955 626.6915 606.1647 606.8501 590.0404
2018.952 2084.719 2061.294 1997.892 1943.38 1891.11 1777.162 1638.563 1512.315 1516.481 1644.975 1717.741 1654.37 1453.58 1293.419 1216.635 1134.575 1055.053 1024.733 1005.004 1041.01 1168.22 1289.144 1391.124 1437.022 1345.44 1260.783 1278.354 1332.439 1356.259 1386.995 1388.639 1348.842 1294.586 1244.673 1223.138 1211.739 1184.159 1149.423 1094.443 1069.429 1013.929 959.0507 912.5865 923.7727 940.7703 947.0007 958.9022 969.9312 967.8816 970.8307 957.8837 952.5731 931.9341 892.8923 836.224 771.1577 708.0662 625.1191 604.7872 605.0938 587.5275
1900.46 1945.85 1963.838 1953.106 1895.67 1851.4 1762.653 1666.385 1594.475 1493.029 1493.278 1601.794 1685.583 1635.552 1479.41 1329.286 1235.146 1149.793 1087.668 1055.094 1027.221 1072.06 1150.194 1216.075 1284.699 1285.71 1247.748 1229.943 1281.125 1387.223 1484.711 1519.121 1449.604 1362.131 1308.916 1266.217 1248.738 1240.556 1186.8 1050.174 1005.671 963.6877 924.589 894.1544 896.4297 905.865 915.9773 915.4232 921.4718 940.0483 947.2076 939.879 934.9706 915.5922 878.7642 825.1041 762.8254 701.7937 620.2765 600.3059 600.2563 581.3198
1764.881 1810.144 1832.166 1851.248 1843.691 1789.84 1721.612 1674.976 1652.693 1586.416 1534.012 1488.952 1545.854 1628.88 1608.891 1500.841 1363.898 1271.281 1201.078 1136.871 1136.449 1188.262 1156.741 1179.105 1234.451 1256.879 1212.954 1162.22 1204.522 1351.877 1520.932 1613.725 1596.325 1497.612 1409.554 1355.401 1300.514 1269.487 1245.208 1103.603 1020.073 914.4482 853.7468 848.142 861.5912 879.7128 893.9252 904.0143 900.1501 908.3175 922.2644 914.0297 908.5002 889.9739 855.627 805.9252 748.3357 691.2795 612.9392 593.7218 594.3893 574.8524
1637.121 1644.844 1684.287 1713.427 1738.606 1716.302 1637.297 1647.325 1676.604 1653.315 1607.954 1566.211 1491.138 1488.907 1553.422 1568.519 1503.471 1386.304 1323.65 1272.362 1329.675 1393.005 1393.941 1366.146 1340.407 1326.808 1263.435 1179.149 1156.683 1238.097 1406.536 1573.611 1640.493 1595.544 1481.019 1411.053 1385.264 1336.484 1263.271 1108.61 1037.249 889.3628 817.464 808.8889 814.0225 820.7161 833.1791 853.455 875.3685 884.8634 892.9063 881.1525 877.8612 859.6638 827.8322 782.0504 729.2672 677.3885 603.4136 585.5098 585.7024 565.3182
1549.134 1533.447 1553.732 1601.632 1653.403 1684.313 1678.706 1634.63 1632.435 1638.667 1611.952 1578.184 1541.563 1461.324 1428.77 1484.976 1526.994 1490.867 1400.326 1332.797 1354.134 1409.731 1452.466 1409.576 1367.454 1377.504 1364.238 1307.922 1246.333 1228.133 1299.54 1423.042 1547.487 1562.803 1479.548 1408.127 1361.925 1345.05 1301.402 1132.554 1028.177 842.2845 788.6157 780.4921 779.0293 782.6705 784.0551 785.056 793.9618 824.2771 842.8068 845.4945 844.7378 829.6879 799.9752 757.2716 708.4193 661.2896 592.0848 576.3475 577.6771 556.7708
1505.47 1493.907 1486.439 1522.06 1604.08 1647.463 1656.46 1662.601 1609.082 1592.037 1595.995 1565.205 1521.998 1478.786 1424.078 1379.426 1447.777 1522.671 1493.442 1384.617 1359.114 1373.949 1394.047 1410.868 1411.536 1443.996 1468.723 1477.447 1480.214 1471.068 1469.125 1488.531 1520.35 1518.378 1463.139 1415.484 1391.461 1362.27 1302.816 1134.481 1020.53 827.2903 781.1777 760.0004 756.7437 759.5187 764.319 763.9484 758.238 773.722 798.8461 811.5909 812.7421 801.4155 774.2369 733.624 688.4043 644.936 579.9407 566.8287 571.1162 549.9509
1511.843 1484.945 1461.739 1457.784 1557.957 1649.084 1625.595 1619.21 1632.125 1571.514 1540.231 1538.113 1520.802 1490.859 1462.37 1432.479 1367.234 1401.091 1463.172 1448.959 1431.604 1388.278 1374.406 1397.789 1413.288 1423.898 1462.787 1531.443 1621.237 1708.786 1759.343 1735.748 1671.708 1583.951 1523.218 1488.705 1460.789 1387.207 1263.724 1078.528 974.1897 799.2334 782.5715 766.4067 746.5933 737.8856 737.079 739.4886 737.4626 744.6417 757.822 777.3986 781.9967 773.9125 750.1515 712.6833 669.5729 628.8208 567.8594 557.0275 560.4091 538.7227
1523.363 1490.182 1460.136 1434.697 1471.15 1592.582 1622.081 1575.189 1586.915 1607.146 1547.981 1505.976 1505.588 1500.77 1490.614 1485.39 1468.594 1355.104 1295.869 1306.086 1342.745 1371.772 1379.083 1364.242 1350.698 1358.08 1355.174 1384.522 1497.105 1654.056 1747.031 1790.372 1753.152 1648.54 1558.397 1519.627 1457.741 1296.547 1110.142 986.2551 882.3094 767.6598 759.5349 755.0697 742.0463 722.2886 712.4274 703.1937 694.1431 709.374 724.2053 744.2761 752.324 746.8174 725.4731 691.5601 651.1804 613.0472 556.4934 547.7653 553.7314 531.6504
1530.627 1496.519 1470.026 1454.116 1412.681 1486.092 1553.79 1528.662 1570.193 1583.729 1581.809 1529.934 1523.615 1511.24 1492.792 1470.992 1450.103 1429.434 1349.962 1281.507 1290.345 1301.016 1303.116 1301.049 1297.903 1295.211 1294.015 1278.433 1286.646 1392.958 1529.005 1617.093 1634.7 1568.385 1476.866 1401.19 1321.96 1176.201 1032.563 942.1016 805.9271 754.4298 746.5822 742.7811 734.2587 719.1188 701.0994 687.7859 671.5745 678.1157 693.6411 718.6592 725.0894 721.7823 702.8938 670.8544 633.062 597.5453 545.3076 538.0043 542.7096 520.7833
1523.519 1497.572 1482.409 1452.449 1425.147 1443.383 1497.688 1545.861 1582.07 1581.775 1552.223 1511.474 1498.954 1478.707 1452.773 1422.585 1393.288 1375.063 1361.639 1301.111 1262.828 1296.445 1319.27 1315.186 1297.194 1286.686 1291.206 1295.068 1280.73 1275.774 1355.929 1472.109 1508.339 1476.775 1424.051 1369.692 1353.349 1279.982 1157.41 959.8622 802.0175 752.1472 736.0372 727.9805 722.7129 715.1208 701.3954 676.8291 654.9095 662.7428 673.7322 700.6948 705.2141 699.603 681.5878 651.5298 616.03 582.7913 535.0563 528.4886 534.3448 513.9138
1501.22 1482.839 1474.165 1464.369 1463.631 1422.322 1470.214 1571.334 1553.446 1489.003 1475.953 1495.78 1490.344 1465.252 1433.447 1398.762 1366.805 1345.63 1339.159 1321.095 1274.299 1229.275 1238.801 1266.744 1281.717 1278.588 1260.237 1237.314 1245.364 1262.647 1287.833 1319.469 1340.729 1362.435 1349.807 1299.662 1268.476 1291.874 1203.263 978.7499 843.7802 786.3401 764.035 748.4763 732.8297 720.618 713.5548 698.9408 674.7178 668.1053 671.882 688.7241 689.5386 683.2268 663.9296 634.29 599.9736 568.6628 524.236 518.7223 527.9681 509.0624
1476.582 1471.236 1472.861 1479.387 1493.015 1462.13 1442.581 1550.852 1477.932 1468.856 1472.12 1480.991 1464.866 1432.798 1396.379 1357.954 1327.264 1309.236 1305.175 1316.906 1300.579 1266.263 1222.642 1207.57 1232.107 1259.512 1264.518 1249.528 1230.566 1250.613 1280.829 1279.176 1260.112 1238.218 1216.398 1180.302 1133.276 1069.848 1018.568 941.9039 861.5094 810.7667 789.7697 765.4832 743.4357 723.8126 710.5984 699.4388 697.045 688.38 685.3622 674.2632 673.6471 665.6149 646.5682 617.8977 585.022 555.379 514.8551 509.0283 515.9957 497.9493
1463.985 1470.093 1478.69 1490.41 1503.573 1513.569 1492.095 1474.67 1520.117 1534.371 1498.09 1482.193 1462.935 1426.31 1384.513 1349.546 1324.143 1310.549 1305.668 1299.48 1287.542 1269.874 1246.063 1223.909 1211.35 1206.866 1199.042 1189.748 1184.118 1186.082 1210.332 1241.549 1250.218 1234.664 1184.66 1130.816 1096.023 1050.325 999.1074 942.0472 877.7615 821.8668 778.6156 742.8745 714.2815 694.7516 681.3837 672.463 666.6748 664.1046 663.4188 663.7764 661.2839 651.6531 631.7155 603.5681 571.5006 543.3934 504.4307 498.761 507.472 489.9282
