DH_DATA/Shapefiles/Gridded Datasets/bedelev_bump.asc
ncols         220
nrows         220
xllcorner     330000
yllcorner     -1110000
cellsize      1000
NODATA_value  -9999
[rows 0 to 27 of 220, columns 62 to 123 of 220]
854.6121 790.8394 723.6393 621.6262 556.1858 486.1246 441.975 410.4723 364.6919 334.1422 284.8339 241.8738 207.6974 159.3562 128.4144 83.3938 44.28778 7.562378 -54.31299 -95.67493 -150.1239 -189.7391 -215.9758 -257.5587 -280.5582 -308.3543 -323.5313 -334.1357 -352.9886 -361.1449 -372.518 -381.0405 -383.5604 -371.5228 -354.1678 -326.8403 -301.8389 -283.1112 -266.2799 -266.2518 -258.9032 -252.8004 -258.406 -246.2941 -240.09 -225.9255 -220.797 -211.9116 -182.7017 -144.6024 -96.40735 -49.06323 -7.236816 33.38452 65.58826 87.29443 94.67249 99.49951 102.5223 108.2684 108.1597 112.0879
858.0043 797.1489 732.631 632.3732 567.1899 497.3975 450.9356 416.5899 370.3985 338.4056 286.7422 243.2668 210.2343 163.1777 132.9274 85.66724 42.17664 3.10144 -60.37817 -101.7328 -156.6248 -195.0178 -220.1159 -263.4803 -285.101 -314.3009 -337.3077 -353.5121 -373.5575 -382.0882 -394.7974 -403.5372 -405.5767 -388.0698 -368.3038 -340.7977 -317.1507 -299.8826 -286.1332 -283.6179 -274.3156 -263.2269 -262.5786 -251.3038 -241.7267 -229.4266 -225.0832 -215.9207 -186.1445 -147.8462 -103.623 -59.43188 -17.16406 24.73535 56.72046 78.74841 85.88879 87.90967 88.59387 94.16467 97.15564 105.8372
859.8828 796.644 735.8181 640.2411 577.7215 509.6401 461.5919 425.7305 377.5979 343.5478 288.2899 242.8496 210.9082 165.3309 135.5748 83.81958 33.88037 -8.724609 -75.27881 -117.7546 -174.5248 -213.8369 -241.0649 -286.8226 -308.4127 -336.2506 -363.4895 -384.6292 -402.5557 -408.7138 -420.21 -425.6408 -428.0398 -414.5585 -393.1833 -364.4567 -341.435 -320.7474 -305.3419 -303.0856 -299.4838 -290.8032 -286.5891 -265.9341 -252.6427 -246.52 -238.8221 -222.9243 -190.9851 -154.0752 -112.644 -73.33386 -34.19055 6.489014 37.12756 58.99365 70.24963 73.63391 72.56226 79.16968 85.11304 97.61975
865.1149 793.4153 731.0749 642.4889 584.2416 516.2498 468.5151 432.2473 381.371 345.3752 286.9169 239.7222 207.2825 161.8439 131.5054 76.79639 23.72937 -23.02399 -94.39581 -139.2982 -198.9597 -241.2175 -272.774 -317.903 -336.9405 -371.5173 -397.2239 -412.695 -430.5524 -431.8555 -438.3946 -443.5383 -447.1511 -435.1683 -419.6844 -393.8509 -367.3607 -344.2736 -325.1515 -318.9301 -321.6403 -318.7239 -306.2672 -282.8889 -275.7571 -267.8834 -254.2486 -231.2106 -196.545 -159.7765 -118.6078 -84.17908 -51.11572 -16.4613 10.3324 31.76685 48.9353 56.55432 56.72864 66.39978 74.15015 86.95703
886.1293 808.2758 740.5739 653.1539 598.6292 530.4051 482.269 445.8065 390.7757 351.8234 291.2385 242.8438 207.7964 158.2468 125.9435 68.54852 12.46973 -37.0675 -114.4419 -162.8943 -227.3049 -275.2254 -310.8835 -356.4971 -384.8896 -422.9363 -442.3076 -454.858 -463.1147 -456.8929 -453.0696 -457.4363 -465.9758 -456.1637 -446.0648 -417.2651 -387.8704 -364.8765 -345.025 -338.0588 -340.1804 -336.5837 -317.7573 -294.6633 -291.9731 -285.1727 -272.6231 -246.3868 -208.0206 -168.1143 -124.0302 -92.1582 -67.82507 -41.66663 -21.02173 -2.820313 14.60681 31.21533 40.79041 52.72693 62.22888 72.74683
914.2129 836.7647 764.6345 676.4302 623.3596 555.924 505.7895 467.8484 408.2676 365.4727 300.8125 249.5138 211.8233 156.5754 119.4969 55.35852 -4.929932 -57.18701 -139.2148 -189.5862 -260.8235 -316.0801 -356.6383 -408.8882 -448.5175 -484.4354 -498.8594 -511.5062 -509.198 -495.6387 -481.8537 -475.54 -484.089 -478.4294 -467.9661 -434.5406 -404.3876 -380.6989 -361.8109 -357.5708 -356.5486 -354.5535 -339.7899 -315.5015 -315.9934 -320.5526 -302.0269 -268.9063 -230.0113 -182.1107 -134.6538 -101.9617 -84.35217 -65.59167 -50.92908 -36.94958 -18.67834 6.694214 26.14575 40.19666 49.71912 56.32385
971.5953 855.9174 784.5846 697.8595 643.2261 574.5735 522.5046 483.403 421.5441 376.2531 307.48 252.076 210.2045 148.5976 106.8622 36.16772 -27.56146 -81.06006 -165.3867 -216.5616 -293.3692 -353.3041 -399.2845 -456.5325 -493.6661 -534.7531 -555.4363 -565.119 -559.4557 -543.0957 -523.2564 -504.8926 -506.2294 -496.7023 -483.9437 -447.6511 -416.4074 -393.7706 -374.5692 -370.813 -367.9792 -374.9072 -377.5031 -358.0344 -361.9543 -369.4636 -347.7599 -302.8998 -249.662 -198.0623 -146.0433 -110.4849 -93.95203 -82.07874 -71.58264 -56.09119 -34.88538 -6.839844 16.12292 32.14551 39.82922 41.45435
1027.717 888.8689 813.7112 717.6211 664.3541 593.3099 538.9415 497.7813 432.215 386.1607 313.8156 253.2822 205.4318 133.8148 86.71484 9.255432 -58.71399 -112.3005 -199.8206 -253.3409 -335.7751 -401.285 -450.7146 -511.6732 -549.1226 -593.4999 -619.8442 -628.8585 -620.1115 -602.9045 -577.879 -556.1072 -547.664 -523.7706 -503.2275 -462.4287 -431.315 -410.1618 -389.171 -381.0743 -376.9252 -382.7221 -397.975 -412.6683 -424.0172 -408.9641 -387.0139 -337.5538 -269.3164 -215.7872 -160.4583 -124.4954 -103.1655 -90.23376 -82.59656 -65.34998 -44.16785 -16.67078 8.254639 23.29541 29.75842 28.28967
1101.585 952.8325 846.9613 729.6813 676.9083 605.2495 549.7211 507.0675 439.7281 393.2753 315.5981 249.1418 198.0001 118.4039 64.79889 -19.55725 -91.05408 -146.0842 -238.4205 -293.7954 -380.0588 -450.649 -503.8267 -569.6542 -606.64 -651.5923 -674.9746 -683.0058 -677.8556 -660.57 -633.6561 -611.0447 -597.0605 -560.4147 -532.0879 -487.8815 -452.8173 -427.3373 -403.8965 -395.2036 -391.2845 -397.5569 -412.7492 -434.5347 -454.442 -438.1703 -405.8298 -359.5778 -294.3793 -236.8822 -182.7509 -141.9812 -114.1184 -94.48108 -87.01611 -70.32739 -44.70715 -19.76282 1.357422 14.95471 21.14038 20.49292
1185.683 1001.359 854.0953 751.532 693.9415 619.3668 564.0259 522.2021 454.3428 405.1667 319.8954 244.8967 186.6255 96.53894 35.7912 -60.25543 -139.4021 -201.1618 -305.1985 -368.3151 -464.0371 -537.851 -595.304 -666.8443 -702.0209 -743.642 -761.4118 -767.68 -758.7931 -741.3898 -712.2338 -686.142 -666.7177 -621.1417 -588.664 -536.3145 -494.3715 -460.7198 -429.0005 -420.7769 -417.3881 -422.7498 -422.6663 -434.4907 -461.3552 -451.8533 -420.6216 -381.6438 -326.8206 -272.1973 -218.2025 -172.1063 -138.77 -109.9707 -95.91516 -79.77905 -53.96887 -30.91394 -11.79492 1.180176 9.460083 14.52051
1251.764 1047.025 880.4799 773.4879 711.1355 631.9924 576.8351 539.1786 469.6929 416.2537 321.9031 236.3364 168.7238 62.20862 -8.243225 -120.122 -210.2432 -280.8118 -399.0475 -472.9289 -583.7661 -667.1371 -730.8495 -806.6627 -837.8643 -875.4409 -886.5986 -886.1811 -868.6963 -850.2753 -815.8801 -784.6389 -758.6599 -703.7815 -667.1215 -605.3664 -557.0825 -516.8926 -473.4284 -459.3067 -450.0144 -447.8676 -432.5398 -442.5462 -466.4297 -450.4597 -433.9182 -405.6176 -359.4598 -310.9341 -256.8927 -206.0773 -165.8746 -129.3983 -107.8197 -90.03101 -68.22498 -48.18542 -27.02576 -12.9502 -2.485718 8.103149
1335.413 1120.365 953.7525 803.1812 725.3555 639.5408 578.533 542.0798 472.3104 415.5081 313.9562 220.5309 145.2676 23.92474 -54.70251 -178.3778 -277.5566 -354.8283 -484.7775 -567.624 -689.6953 -783.0119 -849.7563 -928.0255 -957.3434 -989.1266 -994.4427 -984.7623 -959.7424 -943.1452 -906.6054 -871.2932 -838.4893 -773.9006 -733.347 -668.8671 -619.8887 -579.1478 -527.4186 -501.9577 -475.0574 -462.917 -449.8202 -445.0938 -447.1133 -440.8857 -441.1757 -420.4958 -383.1346 -342.4154 -290.125 -232.9894 -180.9026 -136.8798 -114.8965 -96.20044 -73.66943 -59.09851 -41.71533 -24.76819 -9.305298 5.469238
1415.58 1175.393 1003.398 853.2036 756.4402 655.2806 583.6237 538.8395 464.2174 406.4332 299.1366 198.3041 115.0994 -20.66528 -107.1749 -241.7763 -349.4128 -432.2064 -572.7208 -663.0175 -795.2292 -896.9222 -960.9868 -1041.857 -1082.196 -1110.664 -1100.59 -1083.259 -1054.656 -1038.474 -999.5361 -960.2894 -921.5337 -846.3611 -801.5771 -734.5239 -686.6093 -647.2986 -590.7989 -553.8305 -506.3494 -478.196 -465.339 -447.6705 -430.8896 -435.3179 -442.8102 -429.1683 -402.84 -369.5076 -317.5667 -255.9917 -191.9087 -131.6566 -113.4281 -102.0411 -78.54578 -68.75647 -54.71802 -33.91553 -12.67493 5.977905
1447.026 1213.352 1041.841 896.6986 794.2979 675.8591 587.572 532.5044 447.8455 390.3982 279.8637 173.2655 84.68372 -61.57251 -154.0981 -296.3535 -409.311 -497.7352 -646.7365 -741.9763 -881.7118 -987.3336 -1049.028 -1133.618 -1183 -1210.428 -1188.882 -1169.466 -1140.246 -1124.845 -1084.672 -1040.749 -996.9906 -913.4426 -863.8007 -793.1356 -745.0725 -707.4009 -648.981 -606.717 -548.8694 -510.6933 -491.0625 -453.6078 -417.3295 -417.6682 -427.8505 -430.4015 -416.3624 -389.9254 -338.6314 -273.7909 -201.4449 -125.1357 -100.517 -101.6597 -86.82568 -80.53821 -66.69348 -42.03833 -14.6814 8.759399
1413.071 1235.637 1080.642 929.5408 824.2045 698.5669 593.0829 527.5909 433.3131 370.8603 253.1451 138.4233 41.80359 -116.4991 -215.5588 -367.4926 -488.7136 -586.1564 -747.3198 -848.9591 -997.1603 -1105.386 -1163.522 -1245.376 -1295.573 -1325.77 -1311.457 -1298.169 -1266.14 -1250.504 -1209.626 -1160.057 -1106.185 -1010.25 -950.6024 -870.9523 -819.4352 -781.8007 -718.8069 -673.9308 -602.0641 -556.8885 -534.2143 -471.754 -414.1664 -398.9368 -409.8559 -430.6363 -428.1501 -407.7467 -357.8795 -289.892 -212.543 -128.9456 -97.09692 -103.7976 -100.1699 -94.10339 -77.94092 -48.44116 -15.22839 12.64978
1349.499 1215.951 1086.075 944.4288 833.889 705.0817 594.0469 519.6982 414.8442 344.7662 216.2019 90.0166 -16.46149 -189.4545 -295.3566 -458.581 -590.2811 -695.6292 -869.028 -977.0396 -1133.72 -1244.817 -1304.31 -1384.653 -1433.139 -1469.433 -1463.29 -1456.983 -1423.641 -1404.296 -1355.535 -1302.842 -1240.487 -1128.018 -1059.404 -967.8914 -909.9567 -867.7097 -795.1318 -746.8411 -665.6078 -605.6545 -570.6356 -487.8409 -419.4277 -400.9551 -405.0486 -431.351 -436.301 -420.5242 -371.6487 -301.983 -225.3425 -144.1429 -106.9941 -113.9913 -113.3652 -102.1224 -80.4917 -47.47546 -11.44995 17.83337
1257.343 1158.249 1054.642 925.3244 822.555 696.8663 585.6064 507.4792 395.6201 319.6293 179.5453 44.34998 -71.013 -254.0793 -364.3365 -536.1807 -676.7372 -790.0134 -975.2372 -1085.067 -1243.656 -1351.727 -1411.031 -1497.404 -1542.1 -1586.842 -1590.289 -1582.252 -1546.168 -1521.123 -1459.21 -1398.749 -1334.337 -1215.735 -1144.422 -1045.797 -978.9009 -930.4427 -852.1455 -796.1863 -707.0179 -634.6175 -570.8444 -487.4722 -414.7117 -394.3761 -415.3054 -432.1686 -437.8817 -425.0609 -377.3843 -311.0012 -239.5494 -162.2003 -127.5723 -129.5479 -122.8528 -104.859 -77.19336 -43.276 -7.364868 20.87256
1168.024 1090.384 1008.93 891.7792 801.1378 682.3446 575.9481 497.679 377.1225 292.7092 140.106 -3.52301 -123.5015 -312.9494 -427.1078 -609.4529 -760.895 -883.1084 -1077.908 -1191.395 -1346.237 -1444.385 -1499.094 -1586.547 -1634.757 -1684.353 -1694.831 -1684.399 -1640.765 -1608.929 -1541.13 -1470.716 -1402.868 -1285.848 -1214.296 -1112.527 -1038.616 -984.3365 -900.4645 -836.2051 -738.3482 -640.7932 -551.6178 -478.672 -428.6968 -405.9694 -423.2617 -444.2037 -436.2543 -425.1409 -377.387 -313.9302 -249.8193 -183.3682 -146.6378 -132.2284 -122.2734 -99.80005 -68.27063 -34.28162 -0.2670898 26.54614
1121.72 1047.283 975.4324 865.6878 781.233 666.169 566.7148 490.3687 359.6447 266.2836 105.8451 -40.89856 -160.949 -354.1584 -472.9068 -664.9067 -825.0444 -953.2687 -1151.174 -1267.688 -1415.631 -1504.475 -1568.423 -1661.532 -1705.735 -1745.98 -1756.176 -1747.365 -1697.097 -1657.446 -1584.115 -1509.704 -1441.607 -1327.373 -1258.057 -1156.955 -1083.274 -1027.856 -937.5748 -872.2212 -772.4822 -664.6841 -579.6013 -488.8035 -449.6473 -423.9766 -420.588 -465.0529 -437.741 -420.5584 -371.3098 -312.7991 -255.0992 -198.0288 -156.3691 -127.6172 -114.6113 -88.96802 -57.63354 -25.46204 7.64502 34.27795
1128.252 1053.008 979.1325 871.3851 781.371 661.106 554.7401 473.9005 335.0818 231.6454 63.27972 -85.54242 -207.3052 -408.8208 -535.494 -737.9688 -905.5082 -1038.114 -1239.269 -1352.113 -1498.173 -1587.488 -1654.384 -1746.009 -1784.629 -1820.411 -1825.508 -1811.968 -1759.096 -1716.053 -1637.849 -1562.065 -1495.637 -1385.549 -1320.463 -1220.994 -1148.61 -1094.154 -999.5533 -934.5715 -826.4299 -720.8664 -638.0538 -536.0801 -469.5795 -436.1511 -435.7481 -466.9611 -449.7002 -415.453 -361.8282 -304.9973 -251.3589 -192.9421 -152.1025 -117.5433 -94.58691 -67.48303 -37.81543 -9.703735 22.67676 49.13989
1187.33 1114.071 1038.059 921.3317 814.2452 673.9935 547.2815 449.9697 297.4514 189.1208 12.44336 -142.6419 -270.7418 -483.0016 -617.34 -828.1721 -1000.956 -1135.514 -1336.827 -1444.483 -1590.449 -1681.729 -1743.323 -1825.792 -1863.652 -1898.645 -1897.027 -1878.288 -1823.759 -1780.766 -1705.209 -1634.397 -1571.14 -1465.114 -1402.159 -1303.662 -1230.258 -1175.008 -1078.204 -1013.406 -906.8701 -797.3597 -694.2158 -579.4456 -500.569 -462.4475 -450.5992 -457.3742 -450.4895 -415.564 -351.7104 -291.5494 -238.3635 -176.9811 -134.0265 -92.44556 -63.78345 -38.13379 -9.593384 15.4342 46.33655 72.60242
1309.921 1217.762 1141.063 1006.393 871.7667 702.2918 549.2989 427.628 260.0933 151.863 -35.00012 -197.8803 -333.3458 -551.8586 -689.5114 -904.1929 -1077.841 -1211.254 -1409.74 -1514.153 -1658.836 -1749.08 -1807.345 -1883.295 -1916.087 -1944.939 -1941.009 -1921.333 -1867.295 -1824.068 -1750.412 -1684.559 -1626.758 -1524.381 -1462.514 -1364.524 -1290.171 -1233.882 -1135.079 -1074.034 -973.7856 -874.8187 -772.1372 -632.083 -539.9391 -474.5156 -449.882 -459.8751 -444.1301 -417.6417 -344.2893 -278.3903 -221.7614 -158.3014 -114.6655 -68.69812 -37.13916 -13.92053 12.43066 35.50061 65.89697 93.36658
1473.792 1347.376 1245.35 1100.203 940.9547 736.2971 548.3396 404.1436 221.2928 108.1269 -86.51947 -257.9152 -399.5141 -622.454 -761.8079 -977.9341 -1148.132 -1277.093 -1472.248 -1575.464 -1717.854 -1805.844 -1858.899 -1925.784 -1952.38 -1976.064 -1971.542 -1952.518 -1900.772 -1858.663 -1786.789 -1722.688 -1667.152 -1568.682 -1509.159 -1412.827 -1337.582 -1279.069 -1177.307 -1118.758 -1025.62 -939.8671 -844.6788 -698.9722 -602.2433 -509.5181 -456.6381 -464.8218 -445.3906 -415.0001 -337.2809 -261.5829 -200.4258 -136.0457 -91.97852 -46.22961 -14.07434 7.812866 31.74243 52.31689 81.53772 110.6454
1561.008 1470.007 1334.981 1165.059 986.326 755.8293 543.1447 380.7261 182.6238 65.69476 -133.0513 -308.6118 -452.3924 -680.2659 -821.0765 -1034.281 -1198.614 -1322.976 -1514.359 -1617.126 -1757.446 -1841.268 -1889.005 -1947.419 -1969.383 -1989.104 -1984.592 -1966.668 -1917.803 -1877.236 -1807.49 -1744.876 -1690.851 -1595.472 -1537.42 -1441.865 -1365.172 -1303.396 -1198.928 -1140.781 -1054.304 -982.8636 -902.3398 -765.0063 -658.8944 -548.4483 -482.9385 -475.929 -444.7826 -408.6518 -328.8688 -243.8347 -177.6443 -111.7531 -67.5697 -24.73181 2.855957 21.61975 42.74719 60.66602 87.66895 117.4219
1540.009 1526.281 1396.26 1192.148 984.3647 737.2786 514.9172 343.5732 133.9648 11.31317 -194.1465 -371.665 -515.2147 -745.2088 -885.9487 -1094.519 -1252.423 -1371.212 -1556.337 -1657.1 -1790.816 -1866.986 -1907.965 -1955.111 -1971.76 -1986.503 -1982.145 -1966.101 -1922.499 -1885.436 -1820.418 -1760.712 -1709.675 -1618.966 -1562.506 -1468.024 -1390.406 -1327.322 -1221.135 -1161.179 -1077.906 -1015.667 -952.8521 -826.8232 -708.9791 -583.3173 -508.8313 -478.9354 -432.2773 -391.7062 -304.5146 -214.3292 -142.2996 -72.38293 -29.39868 11.84851 32.97253 43.0321 59.05396 73.56799 98.47595 129.214
1540.511 1512.551 1403.199 1191.294 963.2066 690.9376 458.174 290.6003 75.07404 -57.77698 -270.3932 -448.7908 -590.5612 -817.2579 -954.6266 -1158.068 -1309.536 -1421.585 -1595.845 -1689.28 -1811.286 -1877.542 -1910.559 -1943.015 -1952.767 -1961.099 -1957.804 -1945.342 -1909.265 -1876.571 -1817.239 -1759.982 -1711.421 -1626.864 -1573.158 -1481.912 -1406.195 -1344.723 -1240.49 -1178.877 -1094.878 -1035.543 -983.4274 -866.8262 -746.8611 -608.2784 -520.4197 -469.0712 -403.7442 -357.2159 -267.4281 -175.0549 -98.73474 -24.90649 14.21497 52.56616 71.83032 75.61572 84.65027 92.74158 114.2596 145.1422
1491.499 1515.984 1418.81 1193.336 954.5381 657.8544 404.9484 241.6823 21.86267 -118.6703 -336.6235 -514.39 -652.3726 -873.6853 -1006.317 -1205.017 -1351.871 -1458.571 -1622.044 -1707.838 -1819.194 -1877.75 -1905.95 -1926.764 -1931.258 -1935.317 -1933.531 -1923.243 -1891.65 -1861.042 -1804.996 -1748.144 -1700.318 -1618.219 -1566.816 -1479.417 -1406.621 -1347.24 -1246.829 -1185.878 -1098.224 -1037.659 -994.1486 -886.3857 -770.1451 -622.1704 -517.1854 -449.9543 -371.4546 -320.0616 -232.7716 -143.0363 -66.26941 6.417847 42.39124 79.64221 98.55737 101.5458 106.1112 108.0784 124.3234 152.4232
1382.275 1502.685 1440.817 1239.115 988.456 691.0807 409.1423 205.7393 -29.77216 -176.5641 -399.6588 -575.5912 -709.5151 -925.7249 -1053.882 -1247.323 -1388.932 -1489.828 -1643.362 -1722.262 -1825.849 -1876.87 -1902.07 -1914.766 -1912.278 -1908.247 -1905.172 -1895.174 -1864.777 -1835.871 -1782.216 -1726.704 -1679.01 -1598.307 -1548.29 -1465.317 -1395.654 -1338.713 -1242.059 -1183.983 -1093.188 -1028.97 -992.1326 -890.1809 -765.6534 -606.6092 -496.8426 -416.3019 -333.5104 -282.3748 -197.2379 -112.532 -41.69189 30.06482 72.91919 108.1379 123.5406 127.0072 128.6473 126.9067 137.0388 161.2017
