DH_DATA/Shapefiles/Gridded Datasets/bedelev_bump.asc
ncols         220
nrows         220
xllcorner     330000
yllcorner     -1110000
cellsize      1000
NODATA_value  -9999
[rows 140 to 167 of 220, columns 62 to 123 of 220]
799.0163 914.3691 935.676 863.166 537.8365 510.8537 494.9835 475.0626 470.2547 482.4546 499.4937 507.8069 515.596 528.2285 533.0858 604.2917 1164.171 1228.964 1001.464 585.306 124.1489 219.7975 624.3703 1384.003 1145.071 998.1444 633.8986 380.8273 357.7139 367.8006 369.1602 329.5692 272.1848 300.0138 383.1181 423.1295 420.0822 344.1887 289.6469 340.4617 433.883 484.9839 491.6924 470.7665 420.8433 385.0801 416.8828 395.6087 378.7852 369.8156 371.3184 369.3522 368.8221 374.166 459.155 607.158 697.6724 778.6389 784.6814 870.7937 942.3185 1028.566
1098.858 849.2957 875.186 585.2062 501.2612 494.1508 477.2124 459.7634 447.7794 471.7473 497.3072 508.9861 513.3556 516.1069 509.6133 541.5233 737.4285 1005.158 927.3083 653.8461 200.1751 248.3339 643.9716 1094.93 1029.451 974.4762 700.7595 425.5323 389.7268 377.2475 377.254 394.9766 397.9038 367.14 351.6005 384.0246 451.0092 478.4094 445.0418 441.9686 448.6526 469.6797 528.149 571.9259 533.2379 490.1918 485.4717 441.3205 394.1387 369.4518 359.3909 360.1627 357.6368 350.5583 372.0704 479.2181 597.8585 607.8716 600.4811 674.7506 764.894 889.182
1127.397 972.7432 779.6331 471.7697 486.3262 470.1021 442.6789 433.2607 489.5104 500.5645 479.5625 487.2885 479.9402 470.7834 527.123 662.1959 653.4294 861.9539 823.336 644.1418 243.9613 285.5172 621.8307 915.153 913.9329 928.9392 763.6356 494.6107 445.0789 420.9394 425.9786 416.3261 421.6325 431.5684 428.301 440.4106 447.8081 469.7244 498.3193 533.2549 533.3423 524.8412 550.4683 562.3235 575.7178 587.4 584.5673 538.1017 484.316 472.7424 447.6732 419.2103 415.7834 398.1392 354.638 378.8729 469.8027 504.7653 511.0972 570.9285 626.0965 700.7365
636.7413 404.6053 388.8149 406.9129 402.6054 459.2983 530.4352 618.9095 680.7322 713.8887 499.8255 395.0544 320.2708 344.1815 419.1035 459.3178 573.5287 654.1287 816.47 631.2092 281.3981 332.2053 657.4678 896.6204 880.4683 924.9518 805.4035 566.6559 503.1423 475.0296 462.3726 484.6106 474.5722 476.8549 499.8162 520.9719 547.4263 542.4911 551.5599 553.8611 576.0919 639.6722 639.9788 610.653 605.0502 622.0779 624.5737 628.6949 603.693 568.246 549.3812 519.3815 485.6752 452.7809 464.6721 482.2848 495.6675 473.6739 443.1871 464.2921 539.9971 594.0799
340.3943 374.0924 357.5952 383.2631 458.922 517.5815 616.7379 649.6775 729.8198 873.543 800.9257 554.7876 366.9741 311.9476 497.8419 658.5563 672.3551 695.7177 773.5865 676.0807 308.5308 375.2914 690.2201 956.2414 975.4965 982.972 858.7026 615.5984 534.9784 536.3758 500.7883 495.1645 509.293 559.5798 592.2904 634.2498 674.4467 656.787 643.934 625.8354 654.2341 688.6492 718.288 713.319 692.1768 692.6799 701.1954 715.2199 705.8791 660.4922 605.8461 570.9882 578.6006 615.5068 617.048 550.6328 510.7986 451.8187 401.58 446.6132 523.9693 570.0723
403.6751 535.7341 518.5485 605.1437 676.2254 656.6994 631.6329 753.281 805.7659 846.6804 834.9713 769.9236 437.6628 416.3298 560.2202 918.2438 857.4614 946.121 861.587 768.468 366.8167 389.6558 711.9149 1015.225 1031.511 1040.857 939.28 741.6843 571.7777 571.6595 545.4191 519.9601 495.6455 562.9922 662.8132 749.7368 785.8046 796.8752 757.0701 689.8483 712.4176 726.5817 745.8169 769.835 772.6685 771.3264 756.5123 755.5778 756.7406 751.3646 720.7615 664.6268 589.6346 624.165 595.0004 523.5523 451.7455 429.3334 431.261 434.9806 432.5349 452.8948
500.7259 630.1962 692.1092 787.4308 774.5844 738.0439 728.6402 775.8751 746.9948 829.4006 938.9034 758.4422 516.5399 479.9723 424.9005 971.4873 1185.542 1178.099 923.6348 880.986 513.959 389.621 668.1918 931.7255 1018.468 988.0778 914.2259 855.4661 725.931 662.8798 618.0239 561.1242 530.1388 533.9897 656.8251 843.4105 894.9354 938.0182 925.5341 890.124 830.9106 842.8279 823.4579 809.7179 818.5118 836.8723 844.9581 833.5547 812.6053 793.9897 776.3596 775.6475 718.4711 579.5257 424.536 374.1055 302.9342 247.8745 234.3815 276.2655 252.525 200.4425
614.1695 626.6409 735.7989 917.2891 803.4871 680.567 653.4546 763.151 912.5854 1334.809 1097.081 583.1268 557.3063 449.3799 366.2528 637.3956 934.0863 881.9415 854.5826 956.9805 703.1944 424.0201 528.9335 831.1952 968.4767 942.0572 881.3537 908.8035 783.0464 739.7206 732.9175 641.9646 573.3394 571.6157 710.1068 847.7333 1023.766 1010.79 1062.007 1095.228 1084.78 1079.369 987.8572 926.9478 920.0516 899.9254 890.3353 904.4196 943.8553 936.7604 904.5964 885.0156 857.8012 803.8532 669.8948 430.7078 352.6547 316.032 327.8962 340.9229 329.2748 315.9192
636.838 654.2035 634.9753 664.0394 710.9764 742.8185 746.0678 738.5654 926.3106 825.2288 677.3304 634.1942 587.7267 518.7812 324.2442 396.3251 586.5655 654.5233 870.1063 1093.182 839.4444 508.3428 483.9608 746.4001 950.9885 982.0215 894.8188 939.9478 884.8597 767.7429 757.3922 740.9336 646.8577 590.0992 663.3752 703.4182 907.7375 1068.016 1076.085 1127.669 1128.401 1196.866 1100.953 1068.761 1036.744 990.9686 948.9728 936.7899 963.5143 967.4946 980.7139 989.3143 982.299 937.8529 836.8314 669.5818 555.7495 484.4196 489.5588 467.8867 431.4293 394.403
637.8252 641.6473 637.2114 695.8229 709.9179 733.5809 744.8036 753.8865 745.7938 718.744 684.9651 654.6235 1058.908 708.6076 442.9309 448.1607 487.6374 630.419 897.7328 1042.502 885.6085 589.2753 509.5121 727.4791 939.5577 1009.537 910.7463 959.4868 957.6561 833.2035 809.1295 802.1105 762.6083 644.8437 631.1056 703.1732 834.3503 1002.412 1115.939 1175.629 1258.656 1294.617 1225.514 1154.21 1129.845 1091.574 1068.219 1007.99 985.5663 984.8052 1007.494 1046.893 1078.774 1085.283 960.1766 870.5272 827.9908 782.1753 722.8613 608.0827 539.0858 490.0519
738.6708 692.2379 647.5336 664.7867 697.2831 728.5787 757.1346 767.9093 756.9358 732.5438 706.2552 847.8658 860.0447 1014.604 565.4784 516.7741 741.2697 889.698 1178.797 1025.325 925.1172 706.4307 569.5156 710.5017 896.1459 1019.221 943.801 971.5543 1032.053 960.5397 880.6151 933.58 908.5095 780.0322 682.3469 670.8926 760.5181 872.101 1254.869 1240.89 1482.718 1390.14 1300.878 1195.194 1170.629 1156.184 1159.944 1105.028 1043.79 1023.646 1043.151 1075.897 1131.254 1164.652 1108.173 1082.102 1058.798 1037.779 958.2749 817.5831 728.4672 645.5021
790.3481 695.475 649.5895 727.1077 1199.87 966.9335 830.5811 800.9022 794.5951 781.6635 994.8295 1255.893 986.0368 1115.171 669.6962 801.3017 1420.344 1582.953 1432.483 1057.798 960.074 815.2924 651.295 697.3526 832.5356 953.1568 1012.013 1080.905 1127.543 1112.911 1014.148 1012.7 968.2228 909.0966 752.6774 711.4362 751.505 839.795 1012.175 1269.655 1397.178 1447.542 1341.933 1246.172 1239.197 1229.627 1199.97 1173.943 1153.07 1100.362 1070.902 1080.363 1126.794 1187.144 1219.982 1223.413 1216.124 1186.775 1156.405 1099.283 1010.529 897.549
716.2524 652.7652 680.1118 1127.742 1333.123 1038.175 853.7195 826.7311 824.3907 829.4967 859.2669 879.2664 917.3081 882.0839 1107.194 1248.399 1731.865 1742.564 1665.318 1108.705 996.1061 871.6364 721.8951 704.2916 818.4155 915.447 971.2816 1063.445 1132.568 1113.195 1071.71 1042.902 1031.145 983.1817 849.9662 756.955 771.075 819.5931 895.78 1124.497 1275.335 1304.723 1323.807 1332.877 1275.1 1268.712 1254.698 1187.609 1186.539 1194.327 1144.791 1105.03 1132.809 1185.972 1252.604 1277.87 1295.734 1283.995 1299.673 1293.348 1261.003 1179.034
735.4746 716.6326 712.6794 994.0884 1269.382 859.3231 852.8877 842.3028 841.7274 841.9376 876.2509 904.2964 918.3691 1085.879 1437.424 1550.146 1773.008 1749.873 1642.914 1151.412 994.9846 915.6011 791.0901 724.1818 812.6791 934.3652 969.766 1019.105 1098.523 1099.735 1166.117 1078.638 1051.668 1004.384 921.2079 831.9177 799.5714 826.4056 863.7728 976.0715 1083.698 1147.357 1136.787 1241.614 1314.711 1262.015 1261.498 1257.611 1213.425 1227.756 1278.377 1182.991 1133.467 1171.67 1222.484 1280.541 1311.833 1368.413 1395.301 1415.842 1408.248 1383.413
797.0481 786.6846 769.3894 1197.272 941.8073 869.6433 861.463 854.5023 854.4189 875.7372 905.659 970.4168 1077.656 1229.461 1554.802 1616.359 1744.526 1747.307 1640.499 1392.365 1037.758 943.7838 895.8832 761.5955 812.2155 926.8908 994.7761 1051.514 1111.869 1034.795 1233.989 1230.24 1232.919 1050.657 977.4009 907.9639 856.2881 847.1597 867.2943 970.3676 1061.436 1037.464 1055.495 1155.694 1179.635 1317.877 1259.119 1265.06 1283.06 1309.577 1369.38 1374.048 1236.923 1183.08 1201.797 1258.791 1346.88 1403.546 1423.949 1432.301 1448.344 1439.236
848.4094 849.6013 822.9483 1070.432 906.2072 882.0757 883.0062 881.5596 867.3519 937.2663 1068.039 1003.263 972.2082 1369.941 1782.89 1750.597 1735.972 1723.9 1648.604 1480.81 1126.675 1058.933 991.1494 823.318 806.0828 893.4828 1005.896 1061.066 1287.717 1157.723 1375.886 1471.39 1363.987 1209.983 1048.911 977.3081 940.9034 911.1968 898.8203 940.4087 996.6497 1048.935 967.8871 867.7661 793.6189 800.6751 889.6942 1242.466 1314.423 1327.373 1341.462 1478.653 1405.906 1290.798 1225.931 1246.188 1341.96 1412.437 1452.9 1439.733 1440.297 1447.278
919.1738 890.577 861.1564 875.5049 896.3835 895.7767 903.2979 903.6763 909.08 917.0174 998.8367 986.9694 971.1606 1335.838 1411.084 1433.401 1503.425 1638.024 1598.259 1470.661 1256.789 1113.939 1093.228 907.7922 848.3149 890.5574 974.066 1084.445 1194.893 1184.789 1109.819 1222.321 1274.964 1428.994 1122.75 1027.865 993.2926 961.1523 935.421 935.614 939.3675 925.7646 878.2716 807.488 761.3896 695.2006 721.5326 899.8425 1324.475 1440.647 1331.315 1558.092 1484.646 1435.093 1300.567 1248.352 1334.171 1428.523 1455.407 1446.281 1455.726 1478.872
936.5859 900.3933 882.3481 866.9269 895.2071 897.3945 911.7762 916.1254 932.0689 952.952 959.0717 972.8202 990.1425 1062.533 1233.544 1214.403 1361.242 1434.828 1461.338 1411.55 1269.839 1176.764 1137.075 1020.152 897.6014 911.3049 968.0859 1057.659 1162.726 1203.27 1146.598 1140.275 1435.558 1285.307 1206.467 1094.205 1054.342 1007.568 956.9352 948.3021 934.4495 935.0762 900.6542 901.798 1022.334 936.4304 741.2697 706.1962 1007.855 1229.054 1332.082 1659.392 1554.966 1512.697 1432.624 1311.443 1348.996 1378.745 1445.643 1491.679 1502.18 1549.809
928.8072 892.9482 877.652 872.2285 888.2548 892.8958 902.3507 914.0482 932.7306 960.2651 963.3121 974.8746 983.184 1004.07 1084.406 1059.151 1125.555 1252.759 1335.068 1402.586 1333.956 1225.609 1164.54 1103.549 993.8569 956.7235 971.4117 1043.579 1143.788 1211.65 1189.248 1101.653 1364.661 1266.031 1211.156 1153.068 1140.593 1061.224 978.125 970.9901 973.6905 996.5464 1061.883 1168.682 1219.56 1161.507 1067.435 915.6519 884.1254 1064.423 1398.496 1700.041 1781.425 1636.346 1586.751 1337.795 1281.291 1353.455 1477.524 1563.488 1598.069 1650.405
874.3128 866.7876 862.8768 865.378 873.4019 879.1736 887.3771 907.6371 931.0057 962.0976 971.7144 969.0477 986.1714 1011.603 1032.16 1032.72 1149.721 1197.348 1245.915 1466.158 1442.983 1354.901 1287.124 1171.188 1063.519 1001.51 990.9038 1027.433 1105.484 1191.965 1205.59 1171.17 1282.381 1259.799 1245.177 1214.212 1166.77 1067.771 996.4426 1002.379 1032.185 1069.532 1129.847 1150.511 1260.842 1261.077 1170.768 1116.122 1018.403 1117.356 1177.461 1589.162 1561.504 1659.198 1657.965 1450.913 1325.151 1375.019 1489.826 1636.893 1705.743 1760.049
839.7062 824.8478 840.8458 846.3535 845.386 851.6492 873.7183 889.6083 937.8613 1092.692 976.5568 963.2637 985.1992 1012.784 1013.078 1057.703 960.5461 815.2675 993.2235 1467.078 1489.276 1397.517 1350.109 1264.559 1119.543 1062.46 1021.996 1029.479 1080.438 1145.373 1186.873 1211.052 1314.367 1287.308 1283.909 1264.997 1176.024 1076.992 989.7964 1024.084 1092.535 1148.881 1206.836 1182.059 1256.428 1347.074 1263.497 1192.661 1125.342 1123.439 1206.599 1337.858 1501.603 1674.49 1707.837 1584.383 1391.696 1405.691 1550.28 1681.751 1771.809 1842.833
780.05 783.5747 812.0672 816.8368 822.8029 831.4964 838.3364 872.9867 944.0092 927.8392 915.9008 947.7849 974.38 1042.209 1130.002 1093.892 687.3698 768.463 1086.448 1496.759 1506.145 1417.344 1386.187 1340.529 1196.353 1115.923 1101.342 1065.053 1081.051 1151.152 1189.828 1259.062 1296.66 1320.398 1299.157 1234.806 1155.124 1088.804 1012.753 1067.591 1185.055 1261.609 1299.534 1259.34 1332.543 1417.451 1364.643 1244.544 1201.827 1147.037 1160.545 1208.723 1395.638 1584.114 1808.138 1726.141 1498.172 1431.372 1571.44 1705.742 1794.629 1873.832
717.7322 730.7798 762.0308 794.2468 797.9603 807.4354 803.3934 782.0217 875.198 850.6321 878.2923 919.8663 953.1475 970.2875 857.9178 820.4117 747.8465 833.9654 986.364 1001.694 1458.751 1458.298 1443.343 1398.975 1369.485 1178.419 1152.336 1130.721 1111.766 1149.094 1199.715 1234.069 1276.211 1288.809 1272.594 1213.957 1149.597 1099.79 1075.128 1141.199 1248.403 1332.565 1420.797 1458.205 1450.62 1497.051 1492.938 1385.941 1265.67 1180.627 1150.88 1248.486 1360.625 1612.616 1801.678 1821.466 1585.779 1419.55 1532.501 1690.716 1769.355 1865.477
669.9596 670.8763 731.8672 759.4911 784.0932 795.3004 788.6627 808.4405 818.5983 821.8428 845.271 850.7252 1076.52 1070.439 843.394 828.7806 781.2853 773.2557 892.1372 1179.832 1558.982 1524.019 1506.836 1479.418 1446.629 1316.977 1263.872 1203.908 1168.908 1168.112 1187.38 1222.452 1273.84 1277.066 1266.7 1239.383 1188.779 1142.8 1152.543 1275.229 1287.36 1337.474 1530.563 1562.638 1543.16 1549.134 1556.879 1541.356 1472.223 1391.459 1366.214 1390.013 1511.11 1624.069 1748.135 1802.82 1571.368 1422.834 1501.463 1641.079 1725.44 1815.526
591.5424 626.8084 677.8287 748.8238 900.1716 795.3213 794.2491 810.713 821.7659 835.0334 837.253 802.4881 781.3946 868.3442 845.7617 850.331 824.2971 832.423 1009.181 1251.89 1643.013 1594.882 1549.924 1472.474 1438.399 1368.153 1280.25 1236.786 1209.666 1181.391 1166.302 1204.968 1252.576 1275.706 1284.537 1277.686 1239.688 1205.561 1231.203 1377.714 1345.482 1346.535 1556.967 1599.925 1584.839 1578.131 1640.858 1690.233 1643.665 1626.168 1607.539 1679.249 1716.49 1726.292 1748.591 1720.599 1544.008 1472.655 1503.277 1602.603 1709.383 1773.993
600.2031 628.4351 636.6423 686.4655 759.0187 766.2999 788.0592 806.3907 828.2694 833.4161 834.1103 835.7566 852.7364 854.0871 861.512 873.4156 845.3769 1003.3 1137.912 1364.201 1657.441 1622.315 1539.764 1484.177 1427.634 1377.98 1269.113 1232.417 1205.948 1182.454 1171.427 1200.284 1233.84 1255.763 1289.636 1303.54 1286.77 1274.112 1314.193 1380.995 1446.118 1492.042 1478.389 1501.934 1551.653 1565.928 1648.87 1773.028 1868.742 1931.25 1960.313 1948.005 1921.633 1878.031 1802.616 1698.195 1559.098 1494.14 1511.434 1612.864 1730.279 1763.711
612.5062 643.4904 641.5692 696.9603 730.5848 764.145 792.0779 808.8745 821.1959 832.2091 835.124 839.3542 852.4174 862.6783 876.999 888.1821 866.1862 812.4451 972.8665 1158.152 1664.276 1614.537 1538.939 1482.063 1418.445 1352.914 1252.244 1179.722 1188.248 1191.998 1191.243 1208.762 1219.055 1237.353 1266.843 1309.15 1331.255 1323.671 1339.167 1372.774 1496.507 1528.228 1402.333 1378.267 1407.025 1475.931 1578.808 1751.962 1922.695 2045.242 2121.755 2140.292 2079.635 1994.435 1868.92 1731.371 1586.499 1520.915 1549.553 1637.391 1746.095 1759.397
632.2992 654.6725 662.8593 678.5873 743.9222 768.0305 793.2503 805.6335 818.0963 832.8059 831.9915 836.4471 855.7814 870.5805 878.4497 891.6185 904.2518 917.6006 1009.926 1288.889 1691.971 1613.197 1534.78 1461.322 1387.883 1340.382 1254.083 1173.271 1164.72 1164.817 1201.367 1209.233 1201.87 1221.679 1253.948 1288.795 1327.595 1344.447 1352.676 1380.763 1416.776 1411.926 1372.728 1277.531 1199.732 1282.219 1418.259 1604.267 1824.864 2004.091 2127.462 2184.232 2166.553 2059.086 1880.341 1754.507 1640.319 1568.311 1602.198 1668.729 1759.156 1779.835
