DH_DATA/Shapefiles/Gridded Datasets/Darwin_bed_below_sea_level.asc
ncols         220
nrows         220
xllcorner     330000
yllcorner     -1110000
cellsize      1000
NODATA_value  -9999
[rows 32 to 63 of 220, columns 72 to 143 of 220]
-668.256700000000 -830.281900000000 -949.172500000000 -1141.30600000000 -1249.05700000000 -1410.42800000000 -1523.87100000000 -1602.48200000000 -1714.37000000000 -1767.96700000000 -1827.68600000000 -1840.81100000000 -1831.63200000000 -1789.74600000000 -1757.90600000000 -1708.25400000000 -1673.70900000000 -1643.36100000000 -1589.83600000000 -1553.00300000000 -1494.09600000000 -1443.41600000000 -1405.63100000000 -1341.71900000000 -1301.10300000000 -1231.84800000000 -1172.88800000000 -1124.64600000000 -1044.57600000000 -1000.07200000000 -930.680700000000 -885.382900000000 -834.587500000000 -698.134600000000 -538.140700000000 -353.587400000000 -253.377700000000 -177.191000000000 -109.069800000000 -102.862500000000 -45.3809800000000 NaN NaN NaN NaN NaN NaN NaN NaN NaN NaN NaN NaN NaN NaN NaN NaN NaN NaN NaN NaN NaN NaN NaN NaN NaN NaN NaN NaN NaN NaN NaN
-728.537200000000 -887.911300000000 -1004.47700000000 -1191.73400000000 -1295.48400000000 -1448.87000000000 -1553.62200000000 -1624.68700000000 -1724.04800000000 -1769.90800000000 -1817.70200000000 -1821.90200000000 -1806.35200000000 -1755.21900000000 -1718.86800000000 -1663.42500000000 -1625.08200000000 -1593.22400000000 -1537.52000000000 -1500.01800000000 -1439.13600000000 -1387.37000000000 -1349.01900000000 -1285.97900000000 -1246.39400000000 -1177.01300000000 -1114.80400000000 -1061.32400000000 -978.852100000000 -934.617400000000 -871.454400000000 -824.023700000000 -766.261600000000 -648.179400000000 -491.875400000000 -302.197100000000 -198.362200000000 -128.820100000000 -83.6803000000000 -74.2166700000000 -19.5471200000000 NaN NaN NaN NaN NaN NaN NaN NaN NaN NaN NaN NaN NaN NaN NaN NaN NaN NaN NaN NaN NaN NaN NaN NaN NaN NaN NaN NaN NaN NaN NaN
-818.237900000000 -973.872300000000 -1087.39200000000 -1268.03400000000 -1366.57300000000 -1508.43200000000 -1600.61100000000 -1660.22000000000 -1738.73800000000 -1771.75700000000 -1801.55500000000 -1793.42500000000 -1769.62500000000 -1706.89800000000 -1664.02200000000 -1599.68200000000 -1556.11900000000 -1520.99000000000 -1460.39300000000 -1421.36400000000 -1356.52400000000 -1304.14600000000 -1265.33000000000 -1203.42100000000 -1164.23600000000 -1092.89400000000 -1025.92600000000 -967.094300000000 -882.329100000000 -834.761400000000 -778.223200000000 -724.846500000000 -662.874100000000 -541.480800000000 -382.267800000000 -219.461900000000 -122.979400000000 -72.7919900000000 -48.6053500000000 -36.2692900000000 NaN NaN NaN NaN NaN NaN NaN NaN NaN NaN NaN NaN NaN NaN NaN NaN NaN NaN NaN NaN NaN NaN NaN NaN NaN NaN NaN NaN NaN NaN NaN NaN
-937.588500000000 -1088.03700000000 -1197.00100000000 -1367.58300000000 -1458.46800000000 -1583.73000000000 -1658.36400000000 -1702.18300000000 -1751.75300000000 -1767.07000000000 -1772.27200000000 -1748.32100000000 -1714.30500000000 -1637.47300000000 -1587.42400000000 -1511.64200000000 -1460.63400000000 -1420.99700000000 -1353.72800000000 -1312.73400000000 -1244.56300000000 -1190.59600000000 -1151.12000000000 -1089.70900000000 -1050.12800000000 -975.663500000000 -903.212300000000 -838.995900000000 -754.694600000000 -708.962100000000 -649.579100000000 -596.060400000000 -535.759300000000 -384.981800000000 -228.397800000000 -112.361000000000 -38.3757300000000 -5.89270000000000 NaN NaN NaN NaN NaN NaN NaN NaN NaN NaN NaN NaN NaN NaN NaN NaN NaN NaN NaN NaN NaN NaN NaN NaN NaN NaN NaN NaN NaN NaN NaN NaN NaN NaN
-1033.79000000000 -1178.02200000000 -1281.56400000000 -1441.06500000000 -1523.37500000000 -1633.35400000000 -1692.95400000000 -1722.07100000000 -1749.24000000000 -1750.72200000000 -1736.48700000000 -1700.53500000000 -1658.69400000000 -1571.57400000000 -1517.39000000000 -1434.04000000000 -1377.30400000000 -1334.72700000000 -1263.69700000000 -1221.65500000000 -1151.77400000000 -1097.24500000000 -1057.77200000000 -996.603300000000 -954.916100000000 -876.070400000000 -796.463000000000 -724.557600000000 -635.070000000000 -586.769000000000 -528.914100000000 -476.280500000000 -414.782800000000 -269.066200000000 -127.317900000000 -14.2840600000000 NaN NaN NaN NaN NaN NaN NaN NaN NaN NaN NaN NaN NaN NaN NaN NaN NaN NaN NaN NaN NaN NaN NaN NaN NaN NaN NaN NaN NaN NaN NaN NaN NaN NaN NaN NaN
-1123.21200000000 -1258.79900000000 -1353.69000000000 -1497.95300000000 -1569.42600000000 -1661.92200000000 -1706.11700000000 -1721.58200000000 -1727.14500000000 -1716.85400000000 -1685.69400000000 -1639.33900000000 -1590.81300000000 -1495.26700000000 -1437.54700000000 -1348.72800000000 -1288.06500000000 -1243.12700000000 -1169.10800000000 -1125.68400000000 -1054.83600000000 -1001.19200000000 -963.412900000000 -904.398400000000 -859.742600000000 -774.268900000000 -686.335600000000 -598.640200000000 -494.182200000000 -435.055700000000 -381.360800000000 -346.325100000000 -301.875200000000 -177.174100000000 -40.4431200000000 NaN NaN NaN NaN NaN NaN NaN NaN NaN NaN NaN NaN NaN NaN NaN NaN NaN NaN NaN NaN NaN NaN NaN NaN NaN NaN NaN NaN NaN NaN NaN NaN NaN NaN NaN NaN NaN
-1188.17900000000 -1315.62800000000 -1401.42300000000 -1530.28000000000 -1591.37900000000 -1668.07400000000 -1699.53700000000 -1704.92400000000 -1695.49700000000 -1677.80300000000 -1635.98600000000 -1582.83500000000 -1530.14800000000 -1429.57800000000 -1369.39100000000 -1277.60100000000 -1215.56200000000 -1168.91100000000 -1092.24500000000 -1047.62100000000 -977.061100000000 -925.576500000000 -891.542700000000 -834.804900000000 -786.739900000000 -694.065100000000 -592.050400000000 -485.770100000000 -354.506200000000 -268.787800000000 -206.324100000000 -197.015000000000 -202.410300000000 -112.234400000000 NaN NaN NaN NaN NaN NaN NaN NaN NaN NaN NaN NaN NaN NaN NaN NaN NaN NaN NaN NaN NaN NaN NaN NaN NaN NaN NaN NaN NaN NaN NaN NaN NaN NaN NaN NaN NaN NaN
-1267.27600000000 -1382.19200000000 -1455.39000000000 -1560.48200000000 -1606.41200000000 -1659.90200000000 -1673.52600000000 -1665.92700000000 -1636.89300000000 -1609.16600000000 -1553.52000000000 -1492.49500000000 -1435.41000000000 -1329.23600000000 -1266.33000000000 -1171.90200000000 -1108.31100000000 -1060.15600000000 -982.660900000000 -937.220300000000 -868.008200000000 -820.530300000000 -791.934500000000 -738.670300000000 -689.779600000000 -589.059300000000 -473.736600000000 -356.900500000000 -201.616700000000 -71.0665300000000 -1.55273400000000 -16.4565400000000 -68.7287000000000 -55.1656500000000 NaN NaN NaN NaN NaN NaN NaN NaN NaN NaN NaN NaN NaN NaN NaN NaN NaN NaN NaN NaN NaN NaN NaN NaN NaN NaN NaN NaN NaN NaN NaN NaN NaN NaN NaN NaN NaN NaN
-1355.76800000000 -1450.90100000000 -1506.88000000000 -1580.39500000000 -1607.39300000000 -1631.42000000000 -1621.72900000000 -1598.80300000000 -1545.44700000000 -1504.84200000000 -1432.35800000000 -1362.99500000000 -1301.64400000000 -1190.93300000000 -1126.37300000000 -1030.17900000000 -965.261900000000 -917.086000000000 -842.324300000000 -798.481600000000 -732.786700000000 -690.738800000000 -669.169800000000 -622.115500000000 -573.612500000000 -468.004300000000 -345.674600000000 -222.149200000000 -52.3739000000000 NaN NaN NaN NaN NaN NaN NaN NaN NaN NaN NaN NaN NaN NaN NaN NaN NaN NaN NaN NaN NaN NaN NaN NaN NaN NaN NaN NaN NaN NaN NaN NaN NaN NaN NaN NaN NaN NaN NaN NaN NaN NaN NaN
-1419.57200000000 -1497.34100000000 -1539.15300000000 -1588.32800000000 -1601.01600000000 -1602.11400000000 -1575.38600000000 -1539.52000000000 -1466.52100000000 -1415.54400000000 -1330.40300000000 -1255.28200000000 -1191.43600000000 -1078.72300000000 -1013.75900000000 -916.536500000000 -851.174900000000 -803.630400000000 -732.093300000000 -691.434300000000 -630.960300000000 -594.128600000000 -577.867500000000 -533.661800000000 -481.553200000000 -372.463000000000 -244.941900000000 -117.035300000000 NaN NaN NaN NaN NaN NaN NaN NaN NaN NaN NaN NaN NaN NaN NaN NaN NaN NaN NaN NaN NaN NaN NaN NaN NaN NaN NaN NaN NaN NaN NaN NaN NaN NaN NaN NaN NaN NaN NaN NaN NaN NaN NaN NaN
-1472.52000000000 -1535.53800000000 -1564.79200000000 -1591.58200000000 -1590.89400000000 -1570.39300000000 -1528.02500000000 -1480.34300000000 -1388.61200000000 -1327.62900000000 -1230.26500000000 -1149.62800000000 -1084.24500000000 -970.801500000000 -905.685500000000 -808.298300000000 -743.032500000000 -696.600600000000 -629.650600000000 -592.573600000000 -536.637100000000 -504.645300000000 -489.924900000000 -443.889300000000 -386.304600000000 -272.541200000000 -133.299600000000 -11.0083000000000 NaN NaN NaN NaN NaN NaN NaN NaN NaN NaN NaN NaN NaN NaN NaN NaN NaN NaN NaN NaN NaN NaN NaN NaN NaN NaN NaN NaN NaN NaN NaN NaN NaN NaN NaN NaN NaN NaN NaN NaN NaN NaN NaN NaN
-1509.85400000000 -1563.48100000000 -1584.92700000000 -1596.09900000000 -1585.02200000000 -1548.49700000000 -1494.55000000000 -1438.38000000000 -1332.95200000000 -1264.65200000000 -1158.05500000000 -1073.59600000000 -1007.22900000000 -893.978500000000 -829.137500000000 -732.388200000000 -667.201100000000 -621.974500000000 -559.415100000000 -526.315200000000 -476.547900000000 -445.957600000000 -424.798600000000 -371.114000000000 -307.756400000000 -195.914900000000 -59.4268800000000 NaN NaN NaN NaN NaN NaN NaN NaN NaN NaN NaN NaN NaN NaN NaN NaN NaN NaN NaN NaN NaN NaN NaN NaN NaN NaN NaN NaN NaN NaN NaN NaN NaN NaN NaN NaN NaN NaN NaN NaN NaN NaN NaN NaN NaN
-1557.23700000000 -1598.38400000000 -1609.41700000000 -1598.72200000000 -1573.41200000000 -1515.07200000000 -1446.39100000000 -1378.10400000000 -1253.99800000000 -1176.17800000000 -1057.47800000000 -968.235000000000 -900.310700000000 -787.832800000000 -724.464100000000 -629.787100000000 -566.442900000000 -523.794600000000 -467.254300000000 -439.025600000000 -394.788600000000 -361.210600000000 -329.718900000000 -267.553400000000 -200.798600000000 -99.2600100000000 NaN NaN NaN NaN NaN NaN NaN NaN NaN NaN NaN NaN NaN NaN NaN NaN NaN NaN NaN NaN NaN NaN NaN NaN NaN NaN NaN NaN NaN NaN NaN NaN NaN NaN NaN NaN NaN NaN NaN NaN NaN NaN NaN NaN NaN NaN
-1604.44600000000 -1629.71100000000 -1627.04700000000 -1589.74800000000 -1548.52500000000 -1465.94900000000 -1378.54400000000 -1295.80500000000 -1149.26100000000 -1059.81100000000 -927.277300000000 -833.262000000000 -764.408800000000 -654.275200000000 -593.709900000000 -503.211800000000 -443.433800000000 -405.536100000000 -354.218900000000 -322.557400000000 -276.295300000000 -237.052400000000 -201.219700000000 -139.607100000000 -75.5441900000000 NaN NaN NaN NaN NaN NaN NaN NaN NaN NaN NaN NaN NaN NaN NaN NaN NaN NaN NaN NaN NaN NaN NaN NaN NaN NaN NaN NaN NaN NaN NaN NaN NaN NaN NaN NaN NaN NaN NaN NaN NaN NaN NaN NaN NaN NaN NaN
-1627.95600000000 -1641.20800000000 -1628.18000000000 -1571.29700000000 -1518.87500000000 -1418.75500000000 -1318.51400000000 -1226.25900000000 -1064.41100000000 -966.670500000000 -825.282500000000 -729.265600000000 -661.311800000000 -554.758400000000 -496.557300000000 -410.055200000000 -353.783000000000 -320.254600000000 -266.178500000000 -218.055800000000 -163.395500000000 -121.154800000000 -83.6079100000000 -28.0798300000000 NaN NaN NaN NaN NaN NaN NaN NaN NaN NaN NaN NaN NaN NaN NaN NaN NaN NaN NaN NaN NaN NaN NaN NaN NaN NaN NaN NaN NaN NaN NaN NaN NaN NaN NaN NaN NaN NaN NaN NaN NaN NaN NaN NaN NaN NaN NaN NaN
-1632.75600000000 -1634.06800000000 -1610.75300000000 -1535.59200000000 -1471.99300000000 -1357.65000000000 -1247.30100000000 -1147.76900000000 -974.767800000000 -871.799400000000 -725.413000000000 -629.626200000000 -564.032000000000 -462.555700000000 -406.828100000000 -324.626100000000 -272.414900000000 -240.764200000000 -180.096300000000 -112.736400000000 -43.0014600000000 NaN NaN NaN NaN NaN NaN NaN NaN NaN NaN NaN NaN NaN NaN NaN NaN NaN NaN NaN NaN NaN NaN NaN NaN NaN NaN NaN NaN NaN NaN NaN NaN NaN NaN NaN NaN NaN NaN NaN NaN NaN NaN NaN NaN NaN NaN NaN NaN NaN NaN NaN
-1625.59500000000 -1616.86000000000 -1584.89700000000 -1496.01700000000 -1424.83000000000 -1300.62700000000 -1184.49200000000 -1081.31300000000 -903.533400000000 -799.263900000000 -652.392500000000 -558.879600000000 -495.941400000000 -399.460700000000 -346.482900000000 -268.100800000000 -219.152000000000 -188.462100000000 -121.549600000000 -43.9232800000000 NaN NaN NaN NaN NaN NaN NaN NaN NaN NaN NaN NaN NaN NaN NaN NaN NaN NaN NaN NaN NaN NaN NaN NaN NaN NaN NaN NaN NaN NaN NaN NaN NaN NaN NaN NaN NaN NaN NaN NaN NaN NaN NaN NaN NaN NaN NaN NaN NaN NaN NaN NaN
-1594.17600000000 -1571.13300000000 -1527.22700000000 -1419.79500000000 -1338.63500000000 -1202.25600000000 -1080.04500000000 -974.187700000000 -793.593500000000 -689.455100000000 -545.010400000000 -456.056000000000 -397.720700000000 -309.333800000000 -261.312200000000 -190.292700000000 -146.425600000000 -118.483400000000 -55.3815300000000 NaN NaN NaN NaN NaN NaN NaN NaN NaN NaN NaN NaN NaN NaN NaN NaN NaN NaN NaN NaN NaN NaN NaN NaN NaN NaN NaN NaN NaN NaN NaN NaN NaN NaN NaN NaN NaN NaN NaN NaN NaN NaN NaN NaN NaN NaN NaN NaN NaN NaN NaN NaN NaN
-1526.12000000000 -1486.35000000000 -1429.05700000000 -1299.91900000000 -1209.02100000000 -1060.45400000000 -933.750800000000 -827.019700000000 -647.277600000000 -545.616900000000 -406.950600000000 -325.077500000000 -273.121000000000 -195.696800000000 -154.254000000000 -93.9265100000000 -57.4252900000000 -31.4669800000000 NaN NaN NaN NaN NaN NaN NaN NaN NaN NaN NaN NaN NaN NaN NaN NaN NaN NaN NaN NaN NaN NaN NaN NaN NaN NaN NaN NaN NaN NaN NaN NaN NaN NaN NaN NaN NaN NaN NaN NaN NaN NaN NaN NaN NaN NaN NaN NaN NaN NaN NaN NaN NaN NaN
-1456.31800000000 -1404.59800000000 -1338.13200000000 -1196.07700000000 -1099.19400000000 -944.806600000000 -817.406400000000 -712.080700000000 -536.273700000000 -437.861000000000 -304.106600000000 -227.638600000000 -180.040600000000 -110.805600000000 -75.0803800000000 -24.5916700000000 NaN NaN NaN NaN NaN NaN NaN NaN NaN NaN NaN NaN NaN NaN NaN NaN NaN NaN NaN NaN NaN NaN NaN NaN NaN NaN NaN NaN NaN NaN NaN NaN NaN NaN NaN NaN NaN NaN NaN NaN NaN NaN NaN NaN NaN NaN NaN NaN NaN NaN NaN NaN NaN NaN NaN NaN
-1375.80500000000 -1314.69500000000 -1240.59200000000 -1091.76500000000 -992.515900000000 -836.376400000000 -710.642800000000 -607.990000000000 -437.265400000000 -341.914400000000 -212.169300000000 -139.166700000000 -94.3609600000000 -31.8887300000000 -1.42620800000000 NaN NaN NaN NaN NaN NaN NaN NaN NaN NaN NaN NaN NaN NaN NaN NaN NaN NaN NaN NaN NaN NaN NaN NaN NaN NaN NaN NaN NaN NaN NaN NaN NaN NaN NaN NaN NaN NaN NaN NaN NaN NaN NaN NaN NaN NaN NaN NaN NaN NaN NaN NaN NaN NaN NaN NaN NaN
-1306.64500000000 -1240.84900000000 -1164.32900000000 -1013.70600000000 -915.409900000000 -761.518800000000 -640.010400000000 -541.289500000000 -375.470500000000 -282.195300000000 -155.052700000000 -83.1374500000000 -37.5501100000000 NaN NaN NaN NaN NaN NaN NaN NaN NaN NaN NaN NaN NaN NaN NaN NaN NaN NaN NaN NaN NaN NaN NaN NaN NaN NaN NaN NaN NaN NaN NaN NaN NaN NaN NaN NaN NaN NaN NaN NaN NaN NaN NaN NaN NaN NaN NaN NaN NaN NaN NaN NaN NaN NaN NaN NaN NaN NaN NaN
-1198.63000000000 -1129.72900000000 -1053.09400000000 -904.193600000000 -808.848100000000 -660.921000000000 -547.079900000000 -455.145300000000 -298.674500000000 -209.576400000000 -88.0099500000000 -18.0500500000000 NaN NaN NaN NaN NaN NaN NaN NaN NaN NaN NaN NaN NaN NaN NaN NaN NaN NaN NaN NaN NaN NaN NaN NaN NaN NaN NaN NaN NaN NaN NaN NaN NaN NaN NaN NaN NaN NaN NaN NaN NaN NaN NaN NaN NaN NaN NaN NaN NaN NaN NaN NaN NaN NaN NaN NaN NaN NaN NaN NaN
-1050.68700000000 -979.739200000000 -906.200100000000 -763.808000000000 -674.826800000000 -536.941300000000 -432.755600000000 -349.537400000000 -207.135100000000 -124.280200000000 -11.6290900000000 NaN NaN NaN NaN NaN NaN NaN NaN NaN NaN NaN NaN NaN NaN NaN NaN NaN NaN NaN NaN NaN NaN NaN NaN NaN NaN NaN NaN NaN NaN NaN NaN NaN NaN NaN NaN NaN NaN NaN NaN NaN NaN NaN NaN NaN NaN NaN NaN NaN NaN NaN NaN NaN NaN NaN NaN NaN NaN NaN NaN NaN
-963.917200000000 -893.235300000000 -821.773900000000 -684.613000000000 -600.127600000000 -468.619900000000 -369.261900000000 -290.059300000000 -155.201600000000 -75.4871200000000 NaN NaN NaN NaN NaN NaN NaN NaN NaN NaN NaN NaN NaN NaN NaN NaN NaN NaN NaN NaN NaN NaN NaN NaN NaN NaN NaN NaN NaN NaN NaN NaN NaN NaN NaN NaN NaN NaN NaN NaN NaN NaN NaN NaN NaN NaN NaN NaN NaN NaN NaN NaN NaN NaN NaN NaN NaN NaN NaN NaN NaN NaN
-827.965900000000 -757.966900000000 -688.790000000000 -558.196700000000 -478.067800000000 -353.815100000000 -259.527400000000 -184.102200000000 -57.3728300000000 NaN NaN NaN NaN NaN NaN NaN NaN NaN NaN NaN NaN NaN NaN NaN NaN NaN NaN NaN NaN NaN NaN NaN NaN NaN NaN NaN NaN NaN NaN NaN NaN NaN NaN NaN NaN NaN NaN NaN NaN NaN NaN NaN NaN NaN NaN NaN NaN NaN NaN NaN NaN NaN NaN NaN NaN NaN NaN NaN NaN NaN NaN NaN
-733.647300000000 -662.859100000000 -594.740800000000 -468.014800000000 -389.527200000000 -267.660600000000 -173.284000000000 -97.1958900000000 NaN NaN NaN NaN NaN NaN NaN NaN NaN NaN NaN NaN NaN NaN NaN NaN NaN NaN NaN NaN NaN NaN NaN NaN NaN NaN NaN NaN NaN NaN NaN NaN NaN NaN NaN NaN NaN NaN NaN NaN NaN NaN NaN NaN NaN NaN NaN NaN NaN NaN NaN NaN NaN NaN NaN NaN NaN NaN NaN NaN NaN NaN NaN NaN
-670.131200000000 -597.766700000000 -529.617200000000 -405.185300000000 -326.981900000000 -206.268100000000 -110.616100000000 -32.5525800000000 NaN NaN NaN NaN NaN NaN NaN NaN NaN NaN NaN NaN NaN NaN NaN NaN NaN NaN NaN NaN NaN NaN NaN NaN NaN NaN NaN NaN NaN NaN NaN NaN NaN NaN NaN NaN NaN NaN NaN NaN NaN NaN NaN NaN NaN NaN NaN NaN NaN NaN NaN NaN NaN NaN NaN NaN NaN NaN NaN NaN NaN NaN NaN NaN
-560.238400000000 -485.912800000000 -418.048700000000 -299.402200000000 -224.154100000000 -107.722400000000 -10.1359600000000 NaN NaN NaN NaN NaN NaN NaN NaN NaN NaN NaN NaN NaN NaN NaN NaN NaN NaN NaN NaN NaN NaN NaN NaN NaN NaN NaN NaN NaN NaN NaN NaN NaN NaN NaN NaN NaN NaN NaN NaN NaN NaN NaN NaN NaN NaN NaN NaN NaN NaN NaN NaN NaN NaN NaN NaN NaN NaN NaN NaN NaN NaN NaN NaN NaN
-504.557000000000 -427.517100000000 -357.508000000000 -241.194000000000 -167.849300000000 -54.5092500000000 NaN NaN NaN NaN NaN NaN NaN NaN NaN NaN NaN NaN NaN NaN NaN NaN NaN NaN NaN NaN NaN NaN NaN NaN NaN NaN NaN NaN NaN NaN NaN NaN NaN NaN NaN NaN NaN NaN NaN NaN NaN NaN NaN NaN NaN NaN NaN NaN NaN NaN NaN NaN NaN NaN NaN NaN NaN NaN NaN NaN NaN NaN NaN NaN NaN NaN
-404.375000000000 -325.210500000000 -255.122100000000 -145.022900000000 -76.5915200000000 NaN NaN NaN NaN NaN NaN NaN NaN NaN NaN NaN NaN NaN NaN NaN NaN NaN NaN NaN NaN NaN NaN NaN NaN NaN NaN NaN NaN NaN NaN NaN NaN NaN NaN NaN NaN NaN NaN NaN NaN NaN NaN NaN NaN NaN NaN NaN NaN NaN NaN NaN NaN NaN NaN NaN NaN NaN NaN NaN NaN NaN NaN NaN NaN NaN NaN NaN
-326.282000000000 -244.613600000000 -175.493300000000 -71.6930200000000 -8.37762500000000 NaN NaN NaN NaN NaN NaN NaN NaN NaN NaN NaN NaN NaN NaN NaN NaN NaN NaN NaN NaN NaN NaN NaN NaN NaN NaN NaN NaN NaN NaN NaN NaN NaN NaN NaN NaN NaN NaN NaN NaN NaN NaN NaN NaN NaN NaN NaN NaN NaN NaN NaN NaN NaN NaN NaN NaN NaN NaN NaN NaN NaN NaN NaN NaN NaN NaN NaN
