DH_DATA/Shapefiles/Gridded Datasets/Darwin_bed_below_sea_level.asc
ncols         220
nrows         220
xllcorner     330000
yllcorner     -1110000
cellsize      1000
NODATA_value  -9999
[rows 32 to 63 of 220, columns 0 to 71 of 220]
NaN NaN NaN NaN NaN NaN NaN NaN NaN NaN NaN NaN NaN NaN NaN NaN NaN NaN NaN NaN NaN NaN NaN NaN NaN NaN NaN NaN NaN NaN NaN NaN NaN NaN NaN NaN NaN NaN NaN NaN NaN NaN NaN NaN NaN NaN NaN NaN NaN NaN NaN NaN NaN NaN NaN NaN NaN NaN NaN NaN NaN NaN NaN NaN NaN NaN NaN NaN NaN NaN -289.672700000000 -450.763200000000
NaN NaN NaN NaN NaN NaN NaN NaN NaN NaN NaN NaN NaN NaN NaN NaN NaN NaN NaN NaN NaN NaN NaN NaN NaN NaN NaN NaN NaN NaN NaN NaN NaN NaN NaN NaN NaN NaN NaN NaN NaN NaN NaN NaN NaN NaN NaN NaN NaN NaN NaN NaN NaN NaN NaN NaN NaN NaN NaN NaN NaN NaN NaN NaN NaN NaN NaN NaN NaN -86.1055300000000 -369.129100000000 -511.977100000000
NaN NaN NaN NaN NaN NaN NaN NaN NaN NaN NaN NaN NaN NaN NaN NaN NaN NaN NaN NaN NaN NaN NaN NaN NaN NaN NaN NaN NaN NaN NaN NaN NaN NaN NaN NaN NaN NaN NaN NaN NaN NaN NaN NaN NaN NaN NaN NaN NaN NaN NaN NaN NaN NaN NaN NaN NaN NaN NaN NaN NaN NaN NaN NaN NaN NaN NaN NaN NaN -187.369400000000 -463.308200000000 -604.324400000000
NaN NaN NaN NaN NaN NaN NaN NaN NaN NaN NaN NaN NaN NaN NaN NaN NaN NaN NaN NaN NaN NaN NaN NaN NaN NaN NaN NaN NaN NaN NaN NaN NaN NaN NaN NaN NaN NaN NaN NaN NaN NaN NaN NaN NaN NaN NaN NaN NaN NaN NaN NaN NaN NaN NaN NaN NaN NaN NaN NaN NaN NaN NaN NaN NaN NaN NaN NaN -157.298000000000 -333.572500000000 -584.778100000000 -726.949200000000
NaN NaN NaN NaN NaN NaN NaN NaN NaN NaN NaN NaN NaN NaN NaN NaN NaN NaN NaN NaN NaN NaN NaN NaN NaN NaN NaN NaN NaN NaN NaN NaN NaN NaN NaN NaN NaN NaN NaN NaN NaN NaN NaN NaN NaN NaN NaN NaN NaN NaN NaN NaN NaN NaN NaN NaN NaN NaN NaN NaN NaN NaN NaN NaN NaN NaN NaN -71.4764400000000 -266.855000000000 -429.142300000000 -680.898100000000 -826.330100000000
NaN NaN NaN NaN NaN NaN NaN NaN NaN NaN NaN NaN NaN NaN NaN NaN NaN NaN NaN NaN NaN NaN NaN NaN NaN NaN NaN NaN NaN NaN NaN NaN NaN NaN NaN NaN NaN NaN NaN NaN NaN NaN NaN NaN NaN NaN NaN NaN NaN NaN NaN NaN NaN NaN NaN NaN NaN NaN NaN NaN NaN NaN NaN NaN NaN NaN NaN -191.716400000000 -373.776100000000 -521.285900000000 -773.659200000000 -920.588400000000
NaN NaN NaN NaN NaN NaN NaN NaN NaN NaN NaN NaN NaN NaN NaN NaN NaN NaN NaN NaN NaN NaN NaN NaN NaN NaN NaN NaN NaN NaN NaN NaN NaN NaN NaN NaN NaN NaN NaN NaN NaN NaN NaN NaN NaN NaN NaN NaN NaN NaN NaN NaN NaN NaN NaN NaN NaN NaN NaN NaN NaN NaN NaN NaN NaN NaN -63.6632100000000 -278.306200000000 -463.686000000000 -600.763200000000 -846.305500000000 -990.260700000000
NaN NaN NaN NaN NaN NaN NaN NaN NaN NaN NaN NaN NaN NaN NaN NaN NaN NaN NaN NaN NaN NaN NaN NaN NaN NaN NaN NaN NaN NaN NaN NaN NaN NaN NaN NaN NaN NaN NaN NaN NaN NaN NaN NaN NaN NaN NaN NaN NaN NaN NaN NaN NaN NaN NaN NaN NaN NaN NaN NaN NaN NaN NaN NaN NaN -21.6051600000000 -151.705000000000 -370.679600000000 -576.634500000000 -713.583900000000 -945.507500000000 -1081.61200000000
NaN NaN NaN NaN NaN NaN NaN NaN NaN NaN NaN NaN NaN NaN NaN NaN NaN NaN NaN NaN NaN NaN NaN NaN NaN NaN NaN NaN NaN NaN NaN NaN NaN NaN NaN NaN NaN NaN NaN NaN NaN NaN NaN NaN NaN NaN NaN NaN NaN NaN NaN NaN NaN NaN NaN NaN NaN NaN NaN NaN NaN NaN NaN NaN NaN -139.254100000000 -262.146900000000 -487.327200000000 -707.733300000000 -849.347700000000 -1066.62900000000 -1190.71400000000
NaN NaN NaN NaN NaN NaN NaN NaN NaN NaN NaN NaN NaN NaN NaN NaN NaN NaN NaN NaN NaN NaN NaN NaN NaN NaN NaN NaN NaN NaN NaN NaN NaN NaN NaN NaN NaN NaN NaN NaN NaN NaN NaN NaN NaN NaN NaN NaN NaN NaN NaN NaN NaN NaN NaN NaN NaN NaN NaN NaN NaN NaN NaN NaN NaN -243.183500000000 -369.071100000000 -595.728200000000 -814.747800000000 -953.157700000000 -1159.60900000000 -1272.46700000000
NaN NaN NaN NaN NaN NaN NaN NaN NaN NaN NaN NaN NaN NaN NaN NaN NaN NaN NaN NaN NaN NaN NaN NaN NaN NaN NaN NaN NaN NaN NaN NaN NaN NaN NaN NaN NaN NaN NaN NaN NaN NaN NaN NaN NaN NaN NaN NaN NaN NaN NaN NaN NaN NaN NaN NaN NaN NaN NaN NaN NaN NaN NaN NaN NaN -354.845900000000 -495.156300000000 -717.707900000000 -915.486200000000 -1044.05000000000 -1240.25700000000 -1341.99500000000
-78.9773300000000 NaN NaN NaN NaN NaN NaN NaN NaN NaN NaN NaN NaN NaN NaN NaN NaN NaN NaN NaN NaN NaN NaN NaN NaN NaN NaN NaN NaN NaN NaN NaN NaN NaN NaN NaN NaN NaN NaN NaN NaN NaN NaN NaN NaN NaN NaN NaN NaN NaN NaN NaN NaN NaN NaN NaN NaN NaN NaN NaN NaN NaN NaN NaN -106.394700000000 -468.084400000000 -604.566200000000 -821.053500000000 -991.673800000000 -1108.31400000000 -1295.51600000000 -1390.38100000000
-162.982200000000 -96.7318600000000 -18.7908900000000 NaN NaN NaN NaN NaN NaN NaN NaN NaN NaN NaN NaN NaN NaN NaN NaN NaN NaN NaN NaN NaN NaN NaN NaN NaN NaN NaN NaN NaN NaN NaN NaN NaN NaN NaN NaN NaN NaN NaN NaN NaN NaN NaN NaN NaN NaN NaN NaN NaN NaN NaN NaN NaN NaN NaN NaN NaN NaN NaN NaN -71.8022500000000 -299.024000000000 -576.843900000000 -712.561800000000 -935.688900000000 -1084.24000000000 -1189.43400000000 -1365.61100000000 -1452.36100000000
-218.368700000000 -181.323200000000 -117.351400000000 -46.7094600000000 NaN NaN NaN NaN NaN NaN NaN NaN NaN NaN NaN NaN NaN NaN NaN NaN NaN NaN NaN NaN NaN NaN NaN NaN NaN NaN NaN NaN NaN NaN NaN NaN NaN NaN NaN NaN NaN NaN NaN NaN NaN NaN NaN NaN NaN NaN NaN NaN NaN NaN NaN NaN NaN NaN NaN NaN NaN NaN NaN -158.567300000000 -391.133800000000 -679.962800000000 -839.806500000000 -1058.31800000000 -1192.88500000000 -1287.28800000000 -1443.72900000000 -1518.54400000000
-235.930100000000 -224.246500000000 -188.316500000000 -134.238100000000 -80.5253900000000 -40.7041200000000 -35.0049700000000 -53.9552200000000 -73.3666500000000 -76.0093500000000 -48.5592800000000 NaN NaN NaN NaN NaN NaN NaN NaN NaN NaN NaN NaN NaN NaN NaN NaN NaN NaN NaN NaN NaN NaN NaN NaN NaN NaN NaN NaN NaN NaN NaN NaN NaN NaN NaN NaN NaN NaN NaN NaN NaN NaN NaN NaN NaN NaN NaN NaN NaN NaN NaN NaN -230.070100000000 -473.506800000000 -781.598200000000 -947.179600000000 -1141.25000000000 -1265.19800000000 -1355.16300000000 -1493.35900000000 -1557.47000000000
-229.319600000000 -232.361800000000 -220.507800000000 -191.145400000000 -154.424800000000 -117.134900000000 -105.084300000000 -116.349800000000 -130.098100000000 -129.183100000000 -115.971300000000 -73.2402500000000 -25.5282600000000 -10.3569200000000 -2.14053300000000 -7.53683500000000 -17.0883300000000 -9.79104600000000 NaN NaN NaN NaN NaN NaN NaN NaN NaN NaN NaN NaN NaN NaN NaN NaN NaN NaN NaN NaN NaN NaN NaN NaN NaN NaN NaN NaN NaN NaN NaN NaN NaN NaN NaN NaN NaN NaN NaN NaN NaN NaN NaN NaN -39.4403100000000 -317.034500000000 -544.173000000000 -843.942700000000 -1005.80700000000 -1196.77000000000 -1316.86300000000 -1401.52500000000 -1523.65600000000 -1577.04500000000
-219.378100000000 -222.466700000000 -220.384400000000 -213.397200000000 -193.769800000000 -168.063600000000 -151.853500000000 -146.947100000000 -148.584200000000 -140.023500000000 -129.175300000000 -118.610300000000 -104.903200000000 -97.0413500000000 -94.8158900000000 -93.9062000000000 -85.8454300000000 -59.1123800000000 -22.1933300000000 NaN NaN NaN NaN NaN NaN NaN NaN NaN NaN NaN NaN NaN NaN NaN NaN NaN NaN NaN NaN NaN NaN NaN NaN NaN NaN NaN NaN NaN NaN NaN NaN NaN NaN NaN NaN NaN NaN NaN NaN NaN NaN NaN -71.2506100000000 -353.641700000000 -574.882400000000 -866.097800000000 -1026.27000000000 -1226.57600000000 -1349.16700000000 -1427.07100000000 -1536.26100000000 -1580.96400000000
-230.218400000000 -224.602200000000 -221.149200000000 -218.713600000000 -210.087100000000 -196.424000000000 -182.902000000000 -169.548900000000 -159.114800000000 -146.582900000000 -135.497300000000 -136.719100000000 -144.910900000000 -149.887800000000 -151.420600000000 -145.278000000000 -128.224400000000 -90.1581300000000 -45.7855200000000 -20.3320900000000 -6.55841100000000 NaN NaN NaN NaN NaN NaN NaN NaN NaN NaN NaN NaN NaN NaN NaN NaN NaN NaN NaN NaN NaN NaN NaN NaN NaN NaN NaN NaN NaN NaN NaN NaN NaN NaN NaN NaN NaN NaN NaN NaN NaN -120.353800000000 -396.921400000000 -616.739000000000 -898.771100000000 -1055.62600000000 -1251.88900000000 -1366.40000000000 -1437.10500000000 -1531.47200000000 -1566.13200000000
-253.385000000000 -243.842600000000 -235.604800000000 -230.115800000000 -223.532300000000 -211.916600000000 -200.504900000000 -189.256700000000 -182.007700000000 -174.595100000000 -165.104700000000 -160.972100000000 -167.104600000000 -172.970600000000 -175.738900000000 -171.637800000000 -144.797000000000 -102.462000000000 -65.7139600000000 -56.8116500000000 -40.7182600000000 -0.671081500000000 NaN NaN NaN NaN NaN NaN NaN NaN NaN NaN NaN NaN NaN NaN NaN NaN NaN NaN NaN NaN NaN NaN NaN NaN NaN NaN NaN NaN NaN NaN NaN NaN NaN NaN NaN NaN NaN NaN NaN NaN -216.079200000000 -472.227200000000 -671.827500000000 -937.712900000000 -1082.89500000000 -1258.01300000000 -1358.10400000000 -1418.06200000000 -1494.51000000000 -1518.27100000000
-271.521100000000 -259.103300000000 -248.278900000000 -243.186400000000 -234.029100000000 -220.883500000000 -211.447000000000 -204.842900000000 -201.582000000000 -197.703800000000 -191.081700000000 -186.501600000000 -185.459700000000 -181.848100000000 -178.486400000000 -168.155000000000 -134.746700000000 -93.7066200000000 -61.3530300000000 -42.9704900000000 -14.6974800000000 NaN NaN NaN NaN NaN NaN NaN NaN NaN NaN NaN NaN NaN NaN NaN NaN NaN NaN NaN NaN NaN NaN NaN NaN NaN NaN NaN NaN NaN NaN NaN NaN NaN NaN NaN NaN NaN NaN NaN NaN -97.3494900000000 -317.384300000000 -548.380500000000 -722.452100000000 -964.871300000000 -1091.61100000000 -1245.48000000000 -1332.17400000000 -1384.14600000000 -1446.96100000000 -1463.03400000000
-284.892100000000 -274.799100000000 -268.836500000000 -263.978900000000 -254.320900000000 -245.717200000000 -242.222800000000 -237.123800000000 -235.381700000000 -233.151600000000 -225.565300000000 -212.009500000000 -198.895500000000 -186.033800000000 -168.855100000000 -144.948500000000 -106.785200000000 -61.4653000000000 -16.8275100000000 NaN NaN NaN NaN NaN NaN NaN NaN NaN NaN NaN NaN NaN NaN NaN NaN NaN NaN NaN NaN NaN NaN NaN NaN NaN NaN NaN NaN NaN NaN NaN NaN NaN NaN NaN NaN NaN NaN NaN NaN NaN -57.7449300000000 -179.436000000000 -393.776100000000 -607.997900000000 -762.775700000000 -977.690300000000 -1083.13600000000 -1218.41100000000 -1291.83100000000 -1335.86200000000 -1386.19200000000 -1395.06600000000
-294.368300000000 -289.393000000000 -285.536400000000 -276.629900000000 -266.613500000000 -263.821000000000 -262.210600000000 -256.230700000000 -256.059200000000 -254.230700000000 -244.988900000000 -223.057000000000 -190.463800000000 -155.895100000000 -123.365400000000 -88.5027500000000 -44.4217800000000 NaN NaN NaN NaN NaN NaN NaN NaN NaN NaN NaN NaN NaN NaN NaN NaN NaN NaN NaN NaN NaN NaN NaN NaN NaN NaN NaN NaN NaN NaN NaN NaN NaN NaN NaN NaN NaN NaN NaN NaN NaN NaN NaN -128.847500000000 -270.274800000000 -463.471600000000 -644.675800000000 -782.751500000000 -975.680800000000 -1065.79200000000 -1186.33600000000 -1250.33600000000 -1289.06200000000 -1330.65600000000 -1333.90500000000
-310.294800000000 -303.353200000000 -283.585700000000 -262.231400000000 -242.841200000000 -227.923100000000 -220.038400000000 -217.669300000000 -219.392000000000 -220.292500000000 -212.953700000000 -191.947400000000 -151.820600000000 -98.8203400000000 -50.6920200000000 -10.3498500000000 NaN NaN NaN NaN NaN NaN NaN NaN NaN NaN NaN NaN NaN NaN NaN NaN NaN NaN NaN NaN NaN NaN NaN NaN NaN NaN NaN NaN NaN NaN NaN NaN NaN NaN NaN NaN NaN NaN NaN NaN NaN NaN NaN NaN -173.824300000000 -342.415600000000 -515.767200000000 -649.894900000000 -770.597900000000 -940.681800000000 -1019.39600000000 -1124.09400000000 -1177.88400000000 -1209.10300000000 -1238.07300000000 -1234.06900000000
-325.637000000000 -310.094800000000 -270.964000000000 -223.178500000000 -175.206300000000 -133.540500000000 -114.085700000000 -116.379200000000 -122.433700000000 -119.728500000000 -109.993100000000 -94.3447900000000 -65.3158600000000 -12.8244000000000 NaN NaN NaN NaN NaN NaN NaN NaN NaN NaN NaN NaN NaN NaN NaN NaN NaN NaN NaN NaN NaN NaN NaN NaN NaN NaN NaN NaN NaN NaN NaN NaN NaN NaN NaN NaN NaN NaN NaN NaN NaN NaN NaN NaN NaN NaN -203.394400000000 -343.670500000000 -504.954600000000 -632.013400000000 -730.655600000000 -874.270400000000 -938.845300000000 -1027.78700000000 -1071.04100000000 -1092.61400000000 -1105.65800000000 -1093.66200000000
-334.990800000000 -313.120700000000 -259.393600000000 -179.466300000000 -94.4931300000000 -19.8564100000000 NaN NaN NaN NaN NaN NaN NaN NaN NaN NaN NaN NaN NaN NaN NaN NaN NaN NaN NaN NaN NaN NaN NaN NaN NaN NaN NaN NaN NaN NaN NaN NaN NaN NaN NaN NaN NaN NaN NaN NaN NaN NaN NaN NaN NaN NaN NaN NaN NaN NaN NaN NaN NaN -23.4455300000000 -232.792300000000 -331.819000000000 -487.607300000000 -621.190900000000 -702.863200000000 -831.129800000000 -889.307400000000 -970.944100000000 -1008.61000000000 -1024.12500000000 -1027.90100000000 -1010.88700000000
-340.023800000000 -321.468900000000 -262.208600000000 -163.030100000000 -48.2962600000000 NaN NaN NaN NaN NaN NaN NaN NaN NaN NaN NaN NaN NaN NaN NaN NaN NaN NaN NaN NaN NaN NaN NaN NaN NaN NaN NaN NaN NaN NaN NaN NaN NaN NaN NaN NaN NaN NaN NaN NaN NaN NaN NaN NaN NaN NaN NaN NaN NaN NaN NaN NaN NaN NaN -39.1010100000000 -241.517600000000 -345.894100000000 -491.037100000000 -596.978500000000 -663.263400000000 -770.350600000000 -817.024400000000 -882.647600000000 -908.399700000000 -914.917800000000 -905.819000000000 -882.098000000000
-330.872100000000 -318.005200000000 -265.970800000000 -171.821200000000 -51.1685500000000 NaN NaN NaN NaN NaN NaN NaN NaN NaN NaN NaN NaN NaN NaN NaN NaN NaN NaN NaN NaN NaN NaN NaN NaN NaN NaN NaN NaN NaN NaN NaN NaN NaN NaN NaN NaN NaN NaN NaN NaN NaN NaN NaN NaN NaN NaN NaN NaN NaN NaN NaN NaN NaN -1.61294600000000 -106.591200000000 -268.739000000000 -367.988600000000 -498.903900000000 -588.619500000000 -644.896000000000 -735.912400000000 -771.369800000000 -821.837900000000 -837.963700000000 -838.714400000000 -821.041100000000 -791.921100000000
-317.216800000000 -306.874000000000 -265.215700000000 -187.815700000000 -83.4004200000000 NaN NaN NaN NaN NaN NaN NaN NaN NaN NaN NaN NaN NaN NaN NaN NaN NaN NaN NaN NaN NaN NaN NaN NaN NaN NaN NaN NaN NaN NaN NaN NaN NaN NaN NaN NaN NaN NaN NaN NaN NaN NaN NaN NaN NaN NaN NaN NaN NaN NaN NaN NaN NaN -56.5547500000000 -185.733800000000 -339.609400000000 -415.092100000000 -517.519400000000 -588.462300000000 -636.206200000000 -713.891700000000 -742.615100000000 -781.174100000000 -789.922400000000 -787.197600000000 -764.867300000000 -732.981800000000
-301.671200000000 -289.050100000000 -252.970600000000 -188.308900000000 -101.699000000000 -11.4087200000000 NaN NaN NaN NaN NaN NaN NaN NaN NaN NaN NaN NaN NaN NaN NaN NaN NaN NaN NaN NaN NaN NaN NaN NaN NaN NaN NaN NaN NaN NaN NaN NaN NaN NaN NaN NaN NaN NaN NaN NaN NaN NaN NaN NaN NaN NaN NaN NaN NaN NaN NaN NaN -127.073300000000 -262.016400000000 -410.138300000000 -464.300500000000 -535.877800000000 -584.484000000000 -619.091300000000 -672.657500000000 -689.969800000000 -709.955100000000 -707.044900000000 -697.917700000000 -665.328400000000 -629.354900000000
-292.715600000000 -266.502500000000 -226.534600000000 -165.271500000000 -87.8737200000000 -7.74328600000000 NaN NaN NaN NaN NaN NaN NaN NaN NaN NaN NaN NaN NaN NaN NaN NaN NaN NaN NaN NaN NaN NaN NaN NaN NaN NaN NaN NaN NaN NaN NaN NaN NaN NaN NaN NaN NaN NaN NaN NaN NaN NaN NaN NaN NaN NaN NaN NaN NaN NaN NaN -5.11770600000000 -175.051100000000 -296.952500000000 -431.311900000000 -474.352900000000 -541.443100000000 -588.847300000000 -616.729200000000 -657.075600000000 -669.271000000000 -679.164200000000 -670.694900000000 -656.928700000000 -617.899600000000 -578.116300000000
-291.206800000000 -250.434900000000 -194.803700000000 -123.753900000000 -49.8640400000000 NaN NaN NaN NaN NaN NaN NaN NaN NaN NaN NaN NaN NaN NaN NaN NaN NaN NaN NaN NaN NaN NaN NaN NaN NaN NaN NaN NaN NaN NaN NaN NaN NaN NaN NaN NaN NaN NaN NaN NaN NaN NaN NaN NaN NaN NaN NaN NaN NaN NaN NaN NaN -74.9259300000000 -216.942000000000 -321.918800000000 -438.366800000000 -484.339300000000 -551.443400000000 -591.098100000000 -609.036400000000 -629.926100000000 -631.332700000000 -624.299200000000 -604.796000000000 -582.601400000000 -530.922400000000 -484.687800000000
-293.692400000000 -247.264600000000 -172.847700000000 -84.6140400000000 -6.16012600000000 NaN NaN NaN NaN NaN NaN NaN NaN NaN -36.7724000000000 -88.8113700000000 -102.269700000000 -95.7121600000000 -75.7464300000000 -30.1575300000000 NaN NaN NaN NaN NaN NaN NaN NaN NaN NaN NaN NaN NaN NaN NaN NaN NaN NaN NaN NaN NaN NaN NaN NaN NaN NaN NaN NaN NaN NaN NaN NaN NaN NaN NaN NaN NaN -105.780800000000 -238.500400000000 -331.674200000000 -439.231000000000 -495.491400000000 -566.551600000000 -596.691700000000 -609.142900000000 -614.791700000000 -608.038900000000 -586.224500000000 -558.483400000000 -527.871100000000 -466.228800000000 -413.594100000000
