DH_DATA/Shapefiles/Gridded Datasets/Darwin_bed_below_sea_level.asc
ncols         220
nrows         220
xllcorner     330000
yllcorner     -1110000
cellsize      1000
NODATA_value  -9999
[rows 0 to 31 of 220, columns 144 to 215 of 220]
NaN NaN NaN NaN NaN NaN NaN NaN NaN NaN NaN NaN NaN NaN NaN NaN NaN NaN NaN NaN NaN NaN NaN NaN NaN NaN NaN NaN NaN NaN NaN NaN NaN NaN NaN NaN NaN -8.69543500000000 -23.0793500000000 -28.6949500000000 -23.2048300000000 -18.7159400000000 -11.3544900000000 -5.57910200000000 NaN NaN -1.45666500000000 -2.60388200000000 -2.63293500000000 NaN NaN -0.526733400000000 -1.04418900000000 -1.01281700000000 NaN NaN NaN NaN NaN NaN NaN NaN NaN NaN NaN NaN NaN NaN NaN NaN NaN NaN
NaN NaN NaN NaN NaN NaN NaN NaN NaN NaN NaN NaN NaN NaN NaN NaN NaN NaN NaN NaN NaN NaN NaN NaN NaN NaN NaN NaN NaN NaN NaN NaN NaN NaN NaN NaN NaN -7.81909200000000 -22.2556200000000 -32.6698000000000 -33.3557100000000 -32.4685100000000 -26.8305700000000 -24.1490500000000 -16.8151900000000 -2.53100600000000 NaN NaN NaN NaN NaN -2.05529800000000 -0.336669900000000 NaN NaN NaN NaN NaN NaN NaN NaN NaN NaN NaN NaN NaN NaN NaN NaN NaN NaN NaN
NaN NaN NaN NaN NaN NaN NaN NaN NaN NaN NaN NaN NaN NaN NaN NaN NaN NaN NaN NaN NaN NaN NaN NaN NaN NaN NaN NaN NaN NaN NaN NaN NaN NaN NaN NaN -0.423095700000000 -9.16564900000000 -22.3807400000000 -33.2617200000000 -38.9150400000000 -44.2213100000000 -37.9803500000000 -39.2846700000000 -33.7876000000000 -13.5146500000000 -0.320556600000000 NaN NaN NaN -1.44873000000000 -5.05004900000000 -1.97338900000000 NaN NaN NaN NaN NaN NaN NaN NaN NaN NaN NaN NaN NaN NaN NaN NaN NaN NaN NaN
NaN NaN NaN NaN NaN NaN NaN NaN NaN NaN NaN NaN NaN NaN NaN NaN NaN NaN NaN NaN NaN NaN NaN NaN NaN NaN NaN NaN NaN NaN NaN NaN NaN NaN NaN NaN -3.45715300000000 -11.7749000000000 -23.7384000000000 -34.2086200000000 -42.3779300000000 -51.2996800000000 -47.0233200000000 -43.7627000000000 -32.4537400000000 -13.3674300000000 -4.84204100000000 NaN NaN -0.0946044900000000 -3.10620100000000 -7.33117700000000 -4.25183100000000 NaN NaN NaN NaN NaN NaN NaN NaN NaN NaN NaN NaN NaN NaN NaN NaN NaN NaN NaN
NaN NaN NaN NaN NaN NaN NaN NaN NaN NaN NaN NaN NaN NaN NaN NaN NaN NaN NaN NaN NaN NaN NaN NaN NaN NaN NaN NaN NaN NaN NaN NaN NaN NaN NaN NaN -7.11389200000000 -14.1589400000000 -25.7745400000000 -36.0296600000000 -46.2354700000000 -57.3568100000000 -52.8831800000000 -43.0307600000000 -27.8092000000000 -8.71997100000000 NaN NaN NaN -1.11450200000000 -4.73889200000000 -9.50439500000000 -7.19567900000000 -2.05078100000000 NaN NaN NaN NaN NaN NaN NaN NaN NaN NaN NaN NaN NaN NaN NaN NaN NaN NaN
NaN NaN NaN NaN NaN NaN NaN NaN NaN NaN NaN NaN NaN NaN NaN NaN NaN NaN NaN NaN NaN NaN NaN NaN NaN NaN NaN NaN NaN NaN NaN NaN NaN NaN NaN -1.30590800000000 -10.4950000000000 -16.1356200000000 -27.2065400000000 -38.7720900000000 -50.9439700000000 -61.2937000000000 -55.7814900000000 -45.1757800000000 -26.3116500000000 -6.61242700000000 NaN NaN NaN -1.74023400000000 -5.91345200000000 -10.6446500000000 -9.96643100000000 -7.18188500000000 -0.961181600000000 NaN NaN NaN NaN NaN NaN NaN NaN NaN NaN NaN NaN NaN NaN NaN NaN NaN
NaN NaN NaN NaN NaN NaN NaN NaN NaN NaN NaN NaN NaN NaN NaN NaN NaN NaN NaN NaN NaN NaN NaN NaN NaN NaN NaN NaN NaN NaN NaN NaN NaN NaN NaN -2.57568400000000 -10.8789100000000 -16.2450000000000 -27.7965100000000 -41.1081500000000 -53.5957000000000 -61.7135000000000 -57.5626200000000 -47.5931400000000 -25.8678000000000 -7.39941400000000 -2.86889600000000 NaN -1.37622100000000 -3.03320300000000 -6.53198200000000 -11.0152600000000 -11.4957300000000 -11.0461400000000 -6.06982400000000 -0.337524400000000 NaN NaN NaN NaN NaN NaN NaN NaN NaN NaN NaN NaN NaN NaN NaN NaN
NaN NaN NaN NaN NaN NaN NaN NaN NaN NaN NaN NaN NaN NaN NaN NaN NaN NaN NaN NaN NaN NaN NaN NaN NaN NaN NaN NaN NaN NaN NaN NaN NaN NaN -0.858642600000000 -3.28320300000000 -10.6488000000000 -16.0073200000000 -28.7271700000000 -41.9748500000000 -52.3682900000000 -59.0295400000000 -53.3807400000000 -45.6569800000000 -29.5047600000000 -14.7512200000000 -13.7741700000000 -11.6868900000000 -10.8216600000000 -8.97778300000000 -9.94482400000000 -13.7891800000000 -14.1734600000000 -13.6289100000000 -9.29455600000000 -4.12036100000000 NaN NaN NaN NaN NaN NaN NaN NaN NaN NaN NaN NaN NaN NaN NaN NaN
NaN NaN NaN NaN NaN NaN NaN NaN NaN NaN NaN NaN NaN NaN NaN NaN NaN NaN NaN NaN NaN NaN NaN NaN NaN NaN NaN NaN NaN NaN NaN NaN NaN NaN -1.07763700000000 -3.63452100000000 -12.1723600000000 -17.6555200000000 -30.8375200000000 -42.9267600000000 -48.7877200000000 -52.1904300000000 -44.9626500000000 -40.4622800000000 -32.1041300000000 -23.4320100000000 -24.9605700000000 -23.3667000000000 -22.1851800000000 -19.3928200000000 -19.1721200000000 -22.3375200000000 -21.2440200000000 -17.0925300000000 -10.3746300000000 -4.92089800000000 -0.0305175800000000 NaN NaN NaN NaN NaN NaN NaN NaN NaN NaN NaN NaN NaN NaN NaN
NaN NaN NaN NaN NaN NaN NaN NaN NaN NaN NaN NaN NaN NaN NaN NaN NaN NaN NaN NaN NaN NaN NaN NaN NaN NaN NaN NaN NaN NaN NaN NaN NaN NaN -1.63220200000000 -3.99450700000000 -13.8552200000000 -20.2624500000000 -32.7252200000000 -42.5419900000000 -44.7485400000000 -45.2471900000000 -38.4415300000000 -37.2436500000000 -34.7703900000000 -31.9815700000000 -36.5395500000000 -35.3088400000000 -35.0644500000000 -33.8845200000000 -34.4259000000000 -36.2141100000000 -32.9538600000000 -26.5446800000000 -16.0902100000000 -6.41674800000000 NaN NaN NaN NaN NaN NaN NaN NaN NaN NaN NaN NaN NaN NaN NaN NaN
NaN NaN NaN NaN NaN NaN NaN NaN NaN NaN NaN NaN NaN NaN NaN NaN NaN NaN NaN NaN NaN NaN NaN NaN NaN NaN NaN NaN NaN NaN NaN NaN NaN NaN -2.46984900000000 -3.88147000000000 -13.8934300000000 -21.2965100000000 -33.7717300000000 -41.2832000000000 -41.1662600000000 -40.8282500000000 -34.6134000000000 -36.4827900000000 -38.4791300000000 -39.9200400000000 -45.8822000000000 -46.3922100000000 -47.5114700000000 -49.1358600000000 -50.3696300000000 -51.1606400000000 -46.5427200000000 -38.8087200000000 -25.0042700000000 -9.86169400000000 NaN NaN NaN NaN NaN NaN NaN NaN NaN NaN NaN NaN NaN NaN NaN NaN
NaN NaN NaN NaN NaN NaN NaN NaN NaN NaN NaN NaN NaN NaN NaN NaN NaN NaN NaN NaN NaN NaN NaN NaN NaN NaN NaN NaN NaN NaN NaN -1.42163100000000 NaN -1.25427200000000 -2.41796900000000 -2.26843300000000 -11.4166300000000 -19.1264600000000 -32.6179200000000 -39.5223400000000 -38.4741200000000 -39.3609600000000 -35.5139200000000 -39.4866900000000 -42.9466600000000 -45.6146200000000 -52.2663600000000 -54.2972400000000 -57.4671600000000 -59.5377200000000 -61.1468500000000 -61.7750200000000 -57.6165800000000 -48.0031700000000 -31.8989300000000 -14.0100100000000 -1.14819300000000 NaN NaN NaN NaN NaN NaN NaN NaN NaN NaN NaN NaN NaN NaN NaN
NaN NaN NaN NaN NaN NaN NaN NaN NaN NaN NaN NaN NaN NaN NaN NaN NaN NaN NaN NaN NaN NaN NaN NaN NaN NaN NaN NaN NaN NaN NaN -3.79101600000000 -0.435546900000000 -3.02795400000000 -2.54174800000000 -0.684204100000000 -8.61657700000000 -15.4257800000000 -29.3490000000000 -37.8386200000000 -38.7149700000000 -42.1921400000000 -40.6610100000000 -45.6497800000000 -49.4682600000000 -51.5135500000000 -57.1202400000000 -58.8914800000000 -62.6478300000000 -64.6744400000000 -65.7900400000000 -67.1323200000000 -62.7921100000000 -53.2991900000000 -37.0174600000000 -19.0159900000000 -5.42224100000000 NaN NaN NaN NaN NaN NaN NaN NaN NaN NaN NaN NaN NaN NaN NaN
NaN NaN NaN NaN NaN NaN NaN NaN NaN NaN NaN NaN NaN NaN NaN NaN NaN NaN NaN NaN NaN NaN NaN NaN NaN NaN NaN NaN NaN NaN -0.166137700000000 -5.91589400000000 -2.99182100000000 -5.06982400000000 -3.63928200000000 -0.697021500000000 -7.46350100000000 -12.7844200000000 -26.0943600000000 -35.7272900000000 -39.5794700000000 -46.2652600000000 -46.6438000000000 -52.3531500000000 -55.9137000000000 -56.9339600000000 -61.4162600000000 -62.1626000000000 -64.5531000000000 -64.5836200000000 -64.0012200000000 -65.5311300000000 -62.8569300000000 -56.1741900000000 -42.5958300000000 -25.8502200000000 -10.9901100000000 -2.28784200000000 NaN -0.262939500000000 -0.596313500000000 NaN NaN NaN NaN NaN NaN NaN NaN NaN NaN NaN
NaN NaN NaN NaN NaN NaN NaN NaN NaN NaN NaN NaN NaN NaN NaN NaN NaN NaN NaN NaN NaN NaN NaN NaN NaN NaN NaN NaN NaN NaN -0.255737300000000 -7.28759800000000 -5.10900900000000 -7.51074200000000 -6.48620600000000 -3.80725100000000 -10.5918000000000 -15.1226800000000 -27.5162400000000 -37.0289300000000 -42.7252200000000 -51.8266600000000 -54.3269000000000 -60.9744900000000 -63.6633300000000 -63.4664300000000 -66.7210700000000 -66.0861800000000 -66.8690200000000 -64.7879600000000 -62.1193800000000 -62.5311300000000 -61.0538300000000 -58.1112100000000 -48.9743700000000 -34.8588900000000 -20.7742900000000 -10.5461400000000 -5.40014600000000 -3.62329100000000 -3.25085400000000 -1.76782200000000 -0.228881800000000 NaN NaN NaN NaN NaN NaN NaN NaN NaN
NaN NaN NaN NaN NaN NaN NaN NaN NaN NaN NaN NaN NaN NaN NaN NaN NaN NaN NaN NaN NaN NaN NaN NaN NaN NaN NaN NaN NaN NaN NaN -7.27343800000000 -6.25927700000000 -10.3104200000000 -10.7047100000000 -9.18505900000000 -17.1805400000000 -21.8880600000000 -34.0075700000000 -42.4287100000000 -48.2762500000000 -59.1619900000000 -63.1672400000000 -70.1292700000000 -72.4991500000000 -71.3789100000000 -73.0980200000000 -70.6671100000000 -70.1495400000000 -67.0268600000000 -62.9427500000000 -61.9361600000000 -60.6262200000000 -60.4689900000000 -55.5799600000000 -44.6363500000000 -32.1759000000000 -21.1070600000000 -14.3179900000000 -10.7680700000000 -9.10913100000000 -7.30212400000000 -5.12683100000000 -0.897583000000000 NaN NaN NaN NaN NaN NaN NaN NaN
NaN NaN NaN NaN NaN NaN NaN NaN NaN NaN NaN NaN NaN NaN NaN NaN NaN NaN NaN NaN NaN NaN NaN NaN NaN NaN NaN NaN NaN NaN NaN -6.39990200000000 -6.97619600000000 -13.2905300000000 -15.2959000000000 -15.0710400000000 -24.3181200000000 -29.2735600000000 -41.1328100000000 -48.8919700000000 -54.2597700000000 -65.4670400000000 -70.3615700000000 -77.6883500000000 -79.9085700000000 -78.1412400000000 -78.4720500000000 -74.1754200000000 -72.2254600000000 -68.5396700000000 -64.1367200000000 -62.5835000000000 -61.0142800000000 -61.8396000000000 -59.6252400000000 -51.9100300000000 -41.7531700000000 -30.7323000000000 -22.7923600000000 -17.8698700000000 -15.3048100000000 -12.7417000000000 -10.3389900000000 -6.17919900000000 -2.01635700000000 NaN NaN NaN NaN NaN NaN NaN
NaN NaN NaN NaN NaN NaN NaN NaN NaN NaN NaN NaN NaN NaN NaN NaN NaN NaN NaN NaN NaN NaN NaN NaN NaN NaN NaN NaN NaN NaN NaN -6.26843300000000 -8.25915500000000 -16.7120400000000 -20.4008800000000 -21.2641600000000 -31.3898900000000 -36.4502000000000 -48.1618700000000 -55.7628200000000 -61.2132600000000 -72.5593300000000 -77.6600300000000 -85.4139400000000 -87.3957500000000 -84.5626200000000 -83.3330100000000 -77.4376200000000 -74.0931400000000 -69.7985800000000 -65.4262700000000 -63.9205300000000 -62.3781700000000 -63.1236600000000 -61.7644000000000 -56.4642300000000 -48.9868200000000 -39.1777300000000 -31.1070600000000 -25.4107700000000 -22.3571800000000 -19.0637200000000 -15.9910900000000 -11.5255100000000 -7.47082500000000 -4.30615200000000 -4.09826700000000 -4.46911600000000 -1.05017100000000 NaN NaN NaN
NaN NaN NaN NaN NaN NaN NaN NaN NaN NaN NaN NaN NaN NaN NaN NaN NaN NaN NaN NaN NaN NaN NaN NaN NaN NaN NaN NaN NaN NaN NaN -7.18396000000000 -10.3514400000000 -20.5181900000000 -25.3877000000000 -26.5183100000000 -36.3548600000000 -40.7363300000000 -52.7417000000000 -60.9787600000000 -66.4913300000000 -78.1295200000000 -83.6427000000000 -91.6333000000000 -93.7968800000000 -90.2415800000000 -87.3454600000000 -80.1470900000000 -75.5003700000000 -70.2796600000000 -66.0079300000000 -64.9876700000000 -63.6564900000000 -63.9294400000000 -62.3553500000000 -57.8292200000000 -52.3079800000000 -44.7052000000000 -37.6479500000000 -32.2713600000000 -29.0246600000000 -25.0081800000000 -21.3828100000000 -16.5704300000000 -12.7064200000000 -9.37402300000000 -8.88427700000000 -8.43408200000000 -3.22229000000000 NaN NaN NaN
NaN NaN NaN NaN NaN NaN NaN NaN NaN NaN NaN NaN NaN NaN NaN NaN NaN NaN NaN NaN NaN NaN NaN NaN NaN NaN NaN NaN NaN NaN NaN -8.34094200000000 -13.1955600000000 -25.3735400000000 -30.9593500000000 -31.7349900000000 -40.9566700000000 -44.5539600000000 -56.6309800000000 -65.5789800000000 -71.7108200000000 -83.9522700000000 -89.9411600000000 -98.7745400000000 -101.666600000000 -98.4657000000000 -94.5908200000000 -85.4736300000000 -78.7347400000000 -72.4348100000000 -68.4804700000000 -68.1778600000000 -66.8960000000000 -66.5244100000000 -64.1735800000000 -59.4985400000000 -54.6398900000000 -48.6291500000000 -43.3125000000000 -38.9940200000000 -36.1805400000000 -32.5659200000000 -29.2133800000000 -24.2755100000000 -20.2804000000000 -17.0383300000000 -15.0385700000000 -11.3952600000000 -2.97460900000000 NaN NaN NaN
NaN NaN NaN NaN NaN NaN NaN NaN NaN NaN NaN NaN NaN NaN NaN NaN NaN NaN NaN NaN NaN NaN NaN NaN NaN NaN NaN NaN NaN NaN NaN -8.66564900000000 -15.3011500000000 -29.4781500000000 -36.0564000000000 -36.8643800000000 -45.9508100000000 -49.2030000000000 -61.0332000000000 -70.0054900000000 -76.7739300000000 -90.1079100000000 -96.8675500000000 -106.776100000000 -111.157700000000 -108.747200000000 -103.424200000000 -92.6911600000000 -83.6027800000000 -76.0241700000000 -72.6333000000000 -73.0562700000000 -72.0692100000000 -71.1152300000000 -67.3492400000000 -61.5380900000000 -55.9425000000000 -50.5797100000000 -47.0001200000000 -44.4471400000000 -43.2336400000000 -41.4483600000000 -39.2885700000000 -34.3389900000000 -29.6606400000000 -26.4162600000000 -23.9715600000000 -17.6751700000000 -7.05322300000000 NaN NaN NaN
NaN NaN NaN NaN NaN NaN NaN NaN NaN NaN NaN NaN NaN NaN NaN NaN NaN NaN NaN NaN NaN NaN NaN NaN NaN NaN NaN NaN NaN NaN NaN -7.35192900000000 -14.8708500000000 -30.3914800000000 -38.2768600000000 -40.2603800000000 -50.3433800000000 -53.4740000000000 -65.0218500000000 -73.7028800000000 -80.3162800000000 -93.9871800000000 -101.522500000000 -112.950400000000 -118.707600000000 -115.990000000000 -109.249900000000 -97.8370400000000 -88.3389900000000 -80.3192100000000 -76.6846900000000 -77.8452100000000 -77.0179400000000 -75.5504200000000 -69.9891400000000 -61.5219700000000 -54.2159400000000 -48.5474900000000 -46.4288300000000 -46.3668200000000 -47.2939500000000 -47.5169700000000 -46.1009500000000 -41.2254600000000 -36.5241700000000 -33.6864000000000 -32.4002700000000 -28.0291700000000 -17.3748800000000 -2.53820800000000 NaN NaN
NaN NaN NaN NaN NaN NaN NaN NaN NaN NaN NaN NaN NaN NaN NaN NaN NaN NaN NaN NaN NaN NaN NaN NaN NaN NaN NaN NaN NaN NaN NaN -4.96337900000000 -12.7993200000000 -29.3839100000000 -39.0070800000000 -43.2734400000000 -55.5593300000000 -59.0866700000000 -70.1206100000000 -77.8483900000000 -83.4725300000000 -96.9760700000000 -105.019000000000 -117.830400000000 -123.493900000000 -120.030800000000 -113.106300000000 -101.280600000000 -92.5780000000000 -85.4406700000000 -82.0404100000000 -83.7414600000000 -82.8652300000000 -81.0325900000000 -73.7702600000000 -62.2786900000000 -52.7082500000000 -46.2152100000000 -44.5220900000000 -46.0805700000000 -48.7266800000000 -49.9870600000000 -48.0932600000000 -43.8211700000000 -40.4285900000000 -38.1348900000000 -37.6395300000000 -36.0504200000000 -29.0907000000000 -15.9738800000000 -0.462890600000000 NaN
NaN NaN NaN NaN NaN NaN NaN NaN NaN NaN NaN NaN NaN NaN NaN NaN NaN NaN NaN NaN NaN NaN NaN NaN NaN NaN NaN NaN NaN NaN NaN -2.50415000000000 -10.2219200000000 -27.1569800000000 -38.6842000000000 -45.7385300000000 -60.2133800000000 -64.4888900000000 -74.7276600000000 -80.7259500000000 -84.9682600000000 -98.1258500000000 -106.103600000000 -118.423200000000 -123.184900000000 -119.627000000000 -113.264400000000 -102.074500000000 -94.4559300000000 -89.4212600000000 -87.8195800000000 -89.4898700000000 -88.4126000000000 -86.4045400000000 -78.1783400000000 -64.8105500000000 -52.9548300000000 -45.1103500000000 -42.6033900000000 -43.9166300000000 -46.5732400000000 -47.0543200000000 -44.7214400000000 -41.2364500000000 -39.1275600000000 -37.8884300000000 -38.6778600000000 -39.8410600000000 -36.2897900000000 -26.8309300000000 -14.1461200000000 NaN
NaN NaN NaN NaN NaN NaN NaN NaN NaN NaN NaN NaN NaN NaN NaN NaN NaN NaN NaN NaN NaN NaN NaN NaN NaN NaN NaN NaN NaN NaN NaN NaN -7.40783700000000 -24.6258500000000 -37.2691700000000 -46.3288600000000 -63.3378900000000 -68.7644000000000 -78.8499800000000 -83.4014900000000 -86.6251200000000 -100.050500000000 -107.841300000000 -119.282700000000 -122.911700000000 -119.075200000000 -114.122700000000 -105.280800000000 -100.069800000000 -97.4692400000000 -97.0003700000000 -97.7266800000000 -96.2272900000000 -94.1953100000000 -85.9598400000000 -71.9859600000000 -57.9190700000000 -47.5463900000000 -42.8247100000000 -42.8056600000000 -44.0429700000000 -42.2285200000000 -38.9477500000000 -35.2623300000000 -34.1192600000000 -35.3067600000000 -38.1734600000000 -41.9681400000000 -41.6768800000000 -34.5993700000000 -22.7694100000000 -11.0565200000000
NaN NaN NaN NaN NaN NaN NaN NaN NaN NaN NaN NaN NaN NaN NaN NaN NaN NaN NaN NaN NaN NaN NaN NaN NaN NaN NaN NaN NaN NaN NaN NaN -4.38793900000000 -22.0570100000000 -35.2379200000000 -45.2330300000000 -64.2867400000000 -70.7583000000000 -81.7993200000000 -86.2627000000000 -89.3243400000000 -103.239500000000 -110.861900000000 -122.199600000000 -125.623400000000 -122.401400000000 -119.469800000000 -113.262300000000 -110.912000000000 -109.672600000000 -108.514000000000 -107.804000000000 -105.686600000000 -103.631800000000 -95.8863500000000 -81.6846900000000 -65.6661400000000 -52.8991700000000 -45.2376700000000 -42.9180900000000 -42.2127700000000 -38.0291700000000 -33.1662600000000 -28.7727100000000 -28.1519800000000 -31.9267600000000 -37.7019000000000 -43.6069300000000 -45.9068600000000 -40.6806600000000 -28.3038300000000 -15.9433600000000
NaN NaN NaN NaN NaN NaN NaN NaN NaN NaN NaN NaN NaN NaN NaN NaN NaN NaN NaN NaN NaN NaN NaN NaN NaN NaN NaN NaN NaN NaN NaN NaN -2.57080100000000 -20.7500000000000 -34.1200000000000 -44.1024200000000 -63.5638400000000 -70.4553200000000 -82.9937700000000 -88.9056400000000 -92.4635000000000 -106.241800000000 -113.361900000000 -124.605800000000 -128.921500000000 -127.512900000000 -127.203400000000 -122.972800000000 -122.021400000000 -120.490600000000 -117.415500000000 -115.441700000000 -112.546900000000 -110.044200000000 -103.109000000000 -89.6113300000000 -72.8387500000000 -58.8127400000000 -49.0577400000000 -44.1556400000000 -40.9978000000000 -35.4200400000000 -30.1236600000000 -25.8216600000000 -26.1933600000000 -31.4495800000000 -38.4376200000000 -44.9337200000000 -47.4786400000000 -44.4459200000000 -34.0762900000000 -20.2022700000000
NaN NaN NaN NaN NaN NaN NaN NaN NaN NaN NaN NaN NaN NaN NaN NaN NaN NaN NaN NaN NaN NaN NaN NaN NaN NaN NaN NaN NaN NaN NaN NaN -1.83728000000000 -21.0930200000000 -34.5617700000000 -43.5245400000000 -62.5408900000000 -69.4718000000000 -83.5258800000000 -91.4345700000000 -96.0948500000000 -109.636000000000 -116.318000000000 -128.140100000000 -133.900300000000 -134.635100000000 -136.553200000000 -133.926300000000 -132.993400000000 -129.865700000000 -125.161300000000 -121.650800000000 -117.701300000000 -114.527000000000 -108.351600000000 -96.4574000000000 -80.2922400000000 -66.1119400000000 -55.3491200000000 -48.1606400000000 -42.1405000000000 -35.5092800000000 -30.9794900000000 -29.1671100000000 -31.7583000000000 -37.5019500000000 -44.4505600000000 -49.7080100000000 -50.4071000000000 -47.5981400000000 -40.9487300000000 -28.7397500000000
NaN NaN NaN NaN NaN NaN NaN NaN NaN NaN NaN NaN NaN NaN NaN NaN NaN NaN NaN NaN NaN NaN NaN NaN NaN NaN NaN NaN NaN NaN NaN NaN -2.22253400000000 -22.6611300000000 -36.1545400000000 -43.6143800000000 -61.1954300000000 -67.6859100000000 -83.2067900000000 -92.5905800000000 -97.9486100000000 -111.626100000000 -118.771700000000 -131.832900000000 -138.977800000000 -141.601800000000 -144.675800000000 -141.940100000000 -140.423500000000 -136.094600000000 -130.145600000000 -125.392100000000 -120.398600000000 -116.610600000000 -110.918900000000 -100.537500000000 -86.6411100000000 -73.9101600000000 -62.5362500000000 -53.4132100000000 -45.2110600000000 -37.4351800000000 -34.0234400000000 -35.7628200000000 -40.2574500000000 -46.5304000000000 -53.9898700000000 -57.3327600000000 -55.3450900000000 -51.5203900000000 -45.3906300000000 -35.7189900000000
NaN NaN NaN NaN NaN NaN NaN NaN NaN NaN NaN NaN NaN NaN NaN NaN NaN NaN NaN NaN NaN NaN NaN NaN NaN NaN NaN NaN NaN NaN NaN NaN -2.36364700000000 -23.9077100000000 -37.6691900000000 -44.2690400000000 -61.3977100000000 -67.8480200000000 -84.0858200000000 -94.1859100000000 -100.436600000000 -114.973300000000 -122.966600000000 -137.694500000000 -146.385100000000 -149.585900000000 -152.755700000000 -149.438100000000 -147.063400000000 -141.939500000000 -135.160900000000 -129.381600000000 -123.529100000000 -118.932900000000 -113.565800000000 -105.592900000000 -95.6611300000000 -85.7838100000000 -75.8901400000000 -65.5144000000000 -55.1412400000000 -46.3512000000000 -43.2824700000000 -46.5821500000000 -52.6806600000000 -59.9652100000000 -66.8535200000000 -68.8724400000000 -64.6016800000000 -57.6900600000000 -50.2696500000000 -42.7233900000000
NaN NaN NaN NaN NaN NaN NaN NaN NaN NaN NaN NaN NaN NaN NaN NaN NaN NaN NaN NaN NaN NaN NaN NaN NaN NaN NaN NaN NaN NaN NaN NaN -1.11547900000000 -23.6125500000000 -37.9339600000000 -44.7883300000000 -62.9986600000000 -69.8999000000000 -86.5948500000000 -97.0550500000000 -104.158400000000 -119.865600000000 -128.450000000000 -144.535500000000 -154.731900000000 -157.923500000000 -160.041600000000 -156.024800000000 -153.146400000000 -147.556300000000 -140.210600000000 -133.458700000000 -126.885300000000 -121.775100000000 -117.077400000000 -112.114000000000 -107.545800000000 -100.863600000000 -92.8735400000000 -82.6112100000000 -70.5461400000000 -61.2147200000000 -58.1800500000000 -61.8812300000000 -68.6033900000000 -75.6558800000000 -80.9012500000000 -80.7705100000000 -73.8784200000000 -65.7906500000000 -57.4953600000000 -49.0644500000000
NaN NaN NaN NaN NaN NaN NaN NaN NaN NaN NaN NaN NaN NaN NaN NaN NaN NaN NaN NaN NaN NaN NaN NaN NaN NaN NaN NaN NaN NaN NaN NaN NaN -20.8361800000000 -35.9694800000000 -43.7579300000000 -63.1391600000000 -70.7553700000000 -88.5158700000000 -100.079700000000 -107.968600000000 -124.692300000000 -133.914200000000 -149.791300000000 -159.995500000000 -163.025500000000 -164.027000000000 -159.285200000000 -156.301400000000 -150.698700000000 -143.067600000000 -135.798200000000 -128.743500000000 -123.596300000000 -119.779900000000 -116.909800000000 -116.244100000000 -111.640000000000 -104.059100000000 -93.9702100000000 -82.3590100000000 -73.6523400000000 -69.8938000000000 -72.9128400000000 -78.9100300000000 -84.6080300000000 -88.2796600000000 -86.8133500000000 -79.2962600000000 -69.6427000000000 -59.7089800000000 -51.5859400000000
