DH_DATA/Shapefiles/Gridded Datasets/Darwin_bed_below_sea_level.asc
ncols         220
nrows         220
xllcorner     330000
yllcorner     -1110000
cellsize      1000
NODATA_value  -9999
[rows 32 to 63 of 220, columns 144 to 215 of 220]
NaN NaN NaN NaN NaN NaN NaN NaN NaN NaN NaN NaN NaN NaN NaN NaN NaN NaN NaN NaN NaN NaN NaN NaN NaN NaN NaN NaN NaN NaN NaN NaN NaN -16.3132300000000 -32.5310100000000 -41.6929900000000 -62.5203900000000 -71.2379200000000 -90.7177700000000 -104.061800000000 -112.986300000000 -130.658600000000 -140.267700000000 -155.411500000000 -164.169700000000 -165.865000000000 -166.392300000000 -161.533900000000 -158.599400000000 -152.598900000000 -144.591400000000 -137.085000000000 -130.368500000000 -126.124900000000 -123.554600000000 -122.370800000000 -123.171300000000 -119.577800000000 -113.937000000000 -104.742300000000 -94.2919900000000 -87.0311300000000 -83.0002400000000 -83.7979700000000 -87.2445100000000 -91.2012900000000 -92.9267600000000 -90.8695100000000 -83.5329600000000 -71.9987800000000 -59.9316400000000 -52.2225300000000
NaN NaN NaN NaN NaN NaN NaN NaN NaN NaN NaN NaN NaN NaN NaN NaN NaN NaN NaN NaN NaN NaN NaN NaN NaN NaN NaN NaN NaN NaN NaN NaN NaN -11.2583000000000 -28.1004600000000 -38.4787600000000 -60.5387000000000 -70.6689500000000 -92.4674100000000 -107.457000000000 -117.486700000000 -136.077400000000 -145.084700000000 -158.818400000000 -165.772800000000 -166.271900000000 -167.018800000000 -162.172700000000 -158.881000000000 -152.173100000000 -143.867600000000 -136.355500000000 -130.420800000000 -127.854600000000 -127.053500000000 -127.081700000000 -128.202000000000 -125.220100000000 -121.747800000000 -114.331700000000 -105.184200000000 -99.5760500000000 -96.5782500000000 -95.6372100000000 -95.1557600000000 -96.1523400000000 -95.9143100000000 -92.7786900000000 -84.9409200000000 -73.3144500000000 -59.7413300000000 -50.0830100000000
NaN NaN NaN NaN NaN NaN NaN NaN NaN NaN NaN NaN NaN NaN NaN NaN NaN NaN NaN NaN NaN NaN NaN NaN NaN NaN NaN NaN NaN NaN NaN NaN NaN -7.28637700000000 -24.7458500000000 -36.0733600000000 -59.5462600000000 -70.8776900000000 -94.4249300000000 -111.661500000000 -123.599900000000 -143.123700000000 -151.352300000000 -162.697500000000 -167.534700000000 -167.298200000000 -168.461500000000 -163.713100000000 -159.605000000000 -152.503300000000 -144.223100000000 -137.210800000000 -132.051600000000 -131.085100000000 -132.204700000000 -133.023600000000 -134.670500000000 -132.356000000000 -130.296400000000 -125.038900000000 -118.570700000000 -115.563800000000 -113.366800000000 -111.628700000000 -108.856800000000 -106.972500000000 -104.492800000000 -99.4815700000000 -89.7818600000000 -76.8826900000000 -62.1701700000000 -50.8206800000000
NaN NaN NaN NaN NaN NaN NaN NaN NaN NaN NaN NaN NaN NaN NaN NaN NaN NaN NaN NaN NaN NaN NaN NaN NaN NaN NaN NaN NaN NaN NaN NaN NaN -4.53259300000000 -22.7312000000000 -34.9960900000000 -60.3490000000000 -72.2080100000000 -96.3801300000000 -116.417100000000 -130.369400000000 -150.190600000000 -157.667700000000 -167.201000000000 -169.824000000000 -168.639200000000 -170.165400000000 -166.029900000000 -161.837500000000 -154.081900000000 -145.605600000000 -139.518200000000 -135.651000000000 -135.790000000000 -137.569800000000 -138.644000000000 -141.456500000000 -140.202800000000 -139.373200000000 -136.568100000000 -132.734500000000 -132.540400000000 -131.135900000000 -128.142800000000 -124.041500000000 -120.686000000000 -116.630000000000 -109.819100000000 -97.6387900000000 -82.5177000000000 -65.6934800000000 -53.0535900000000
NaN NaN NaN NaN NaN NaN NaN NaN NaN NaN NaN NaN NaN NaN NaN NaN NaN NaN NaN NaN NaN NaN NaN NaN NaN NaN NaN NaN NaN NaN NaN NaN NaN -1.52063000000000 -20.4088100000000 -33.5113500000000 -59.8614500000000 -72.3443600000000 -97.6516100000000 -119.565600000000 -135.126300000000 -155.187500000000 -161.420400000000 -169.008200000000 -169.595200000000 -167.992300000000 -170.521100000000 -167.517900000000 -163.630500000000 -155.017000000000 -145.848300000000 -140.103600000000 -137.262700000000 -138.165200000000 -139.671400000000 -140.531300000000 -143.908000000000 -144.211300000000 -145.222400000000 -144.293500000000 -142.461200000000 -143.609400000000 -142.936400000000 -140.094500000000 -134.906300000000 -130.370500000000 -126.039700000000 -119.079600000000 -105.590800000000 -87.9914600000000 -68.8979500000000 -54.8543700000000
NaN NaN NaN NaN NaN NaN NaN NaN NaN NaN NaN NaN NaN NaN NaN NaN NaN NaN NaN NaN NaN NaN NaN NaN NaN NaN NaN NaN NaN NaN NaN NaN NaN NaN -17.6341600000000 -31.4708300000000 -58.1595500000000 -71.5210000000000 -98.3048100000000 -120.913700000000 -137.389300000000 -158.081300000000 -163.247900000000 -168.995400000000 -168.325800000000 -166.882700000000 -171.003700000000 -169.143700000000 -165.888400000000 -156.997700000000 -147.090000000000 -140.912800000000 -137.977900000000 -139.110700000000 -140.510500000000 -141.087500000000 -144.547500000000 -145.509600000000 -147.600700000000 -147.421100000000 -146.723900000000 -148.862300000000 -149.632300000000 -148.533900000000 -143.623400000000 -138.870500000000 -134.266200000000 -127.079000000000 -113.061000000000 -94.3627900000000 -73.4702100000000 -57.6680900000000
NaN NaN NaN NaN NaN NaN NaN NaN NaN NaN NaN NaN NaN NaN NaN NaN NaN NaN NaN NaN NaN NaN NaN NaN NaN NaN NaN NaN NaN NaN NaN NaN NaN NaN -14.4674100000000 -28.7869900000000 -55.7255900000000 -69.3647500000000 -96.7012900000000 -119.342500000000 -136.121100000000 -157.203600000000 -162.043000000000 -167.518600000000 -166.779200000000 -165.884000000000 -171.256700000000 -170.248700000000 -167.825100000000 -159.087200000000 -148.648400000000 -141.564600000000 -137.678700000000 -138.361600000000 -139.661500000000 -140.258900000000 -144.339600000000 -145.349500000000 -147.064900000000 -146.924200000000 -146.679300000000 -149.590000000000 -151.891000000000 -152.783100000000 -149.972700000000 -146.249500000000 -141.194500000000 -133.076700000000 -118.635700000000 -99.7164300000000 -77.8193400000000 -60.6340300000000
NaN NaN NaN NaN NaN NaN NaN NaN NaN NaN NaN NaN NaN NaN NaN NaN NaN NaN NaN NaN NaN NaN NaN NaN NaN NaN NaN NaN NaN NaN NaN NaN NaN NaN -9.89099100000000 -24.7597700000000 -52.0910600000000 -65.8979500000000 -93.3411900000000 -115.701200000000 -132.725000000000 -154.090800000000 -159.296500000000 -164.966900000000 -165.118800000000 -165.581200000000 -171.924400000000 -171.628800000000 -169.588400000000 -161.032300000000 -150.493000000000 -142.737900000000 -138.035500000000 -138.582500000000 -140.092300000000 -141.052600000000 -146.201200000000 -148.094400000000 -150.244500000000 -150.003700000000 -149.751700000000 -152.555300000000 -155.109700000000 -157.627300000000 -157.222000000000 -154.590300000000 -149.238300000000 -140.003300000000 -124.209200000000 -104.297400000000 -81.2974900000000 -62.9565400000000
NaN NaN NaN NaN NaN NaN NaN NaN NaN NaN NaN NaN NaN NaN NaN NaN NaN NaN NaN NaN NaN NaN NaN NaN NaN NaN NaN NaN NaN NaN NaN NaN NaN NaN -2.92883300000000 -18.6529500000000 -47.2705100000000 -61.9298100000000 -89.7363300000000 -111.535500000000 -127.922400000000 -149.267300000000 -155.248200000000 -161.841100000000 -163.460000000000 -164.883500000000 -171.658100000000 -171.903100000000 -170.417600000000 -161.913500000000 -151.605500000000 -143.908000000000 -139.083100000000 -139.938800000000 -141.790500000000 -143.484700000000 -150.196400000000 -153.219800000000 -156.388500000000 -155.590200000000 -154.571400000000 -157.335900000000 -159.959800000000 -163.463900000000 -164.193600000000 -161.989700000000 -156.400300000000 -146.352300000000 -128.901600000000 -107.220900000000 -82.7063000000000 -63.1668700000000
NaN NaN NaN NaN NaN NaN NaN NaN NaN NaN NaN NaN NaN NaN NaN NaN NaN NaN NaN NaN NaN NaN NaN NaN NaN NaN NaN NaN NaN NaN NaN NaN NaN NaN NaN -12.9528800000000 -43.1761500000000 -58.8748800000000 -87.3388700000000 -108.840900000000 -123.884900000000 -144.404500000000 -150.858600000000 -158.923200000000 -161.847800000000 -163.176500000000 -169.636500000000 -169.897300000000 -168.989500000000 -161.573400000000 -151.680400000000 -144.697600000000 -140.712000000000 -141.739100000000 -143.699200000000 -145.860700000000 -153.498900000000 -156.835600000000 -160.728100000000 -159.497800000000 -157.139800000000 -159.306900000000 -161.676900000000 -165.146500000000 -166.267800000000 -164.283300000000 -158.474000000000 -148.117800000000 -129.682500000000 -107.241800000000 -81.8435100000000 -61.2214400000000
NaN NaN NaN NaN NaN NaN NaN NaN NaN NaN NaN NaN NaN NaN NaN NaN NaN NaN NaN NaN NaN NaN NaN NaN NaN NaN NaN NaN NaN NaN NaN NaN NaN NaN NaN -8.52111800000000 -40.2790500000000 -56.8779300000000 -85.4952400000000 -106.715900000000 -120.770500000000 -140.391700000000 -147.040900000000 -156.128900000000 -159.363000000000 -159.968300000000 -165.923700000000 -165.683700000000 -165.417600000000 -159.865500000000 -151.291300000000 -145.893800000000 -142.942600000000 -144.685200000000 -147.255700000000 -149.457300000000 -156.942900000000 -159.700300000000 -163.321200000000 -162.207000000000 -159.304600000000 -159.957600000000 -160.884300000000 -163.313400000000 -164.522200000000 -162.759600000000 -156.618800000000 -146.252200000000 -127.973100000000 -106.103100000000 -80.7458500000000 -59.1068100000000
NaN NaN NaN NaN NaN NaN NaN NaN NaN NaN NaN NaN NaN NaN NaN NaN NaN NaN NaN NaN NaN NaN NaN NaN NaN NaN NaN NaN NaN NaN NaN NaN NaN NaN NaN -5.75598100000000 -38.8601100000000 -56.3642600000000 -84.3587600000000 -104.538300000000 -118.170800000000 -137.398100000000 -144.291900000000 -154.135600000000 -156.819300000000 -156.192400000000 -161.435200000000 -161.037600000000 -161.704600000000 -157.389600000000 -150.713300000000 -147.371300000000 -144.993000000000 -147.740600000000 -151.339600000000 -153.489500000000 -159.987100000000 -161.334700000000 -163.382200000000 -162.020000000000 -159.256100000000 -158.875100000000 -158.225500000000 -158.905600000000 -158.725500000000 -156.719600000000 -151.038100000000 -141.508400000000 -124.700400000000 -104.153400000000 -79.1936000000000 -57.0025600000000
NaN NaN NaN NaN NaN NaN NaN NaN NaN NaN NaN NaN NaN NaN NaN NaN NaN NaN NaN NaN NaN NaN NaN NaN NaN NaN NaN NaN NaN NaN NaN NaN NaN NaN NaN -0.490112300000000 -34.0877700000000 -52.2843000000000 -79.9793700000000 -99.3199500000000 -112.754900000000 -132.163500000000 -139.355000000000 -149.536700000000 -151.723800000000 -150.183200000000 -155.102700000000 -155.049700000000 -157.245600000000 -154.746300000000 -149.912100000000 -148.724700000000 -147.402100000000 -151.402800000000 -155.738300000000 -157.822000000000 -162.759200000000 -162.007900000000 -162.021400000000 -159.798600000000 -156.751200000000 -155.916300000000 -154.400300000000 -152.900300000000 -150.392200000000 -147.530300000000 -141.957000000000 -133.246200000000 -117.489900000000 -98.1937300000000 -73.6314700000000 -51.2513400000000
NaN NaN NaN NaN NaN NaN NaN NaN NaN NaN NaN NaN NaN NaN NaN NaN NaN NaN NaN NaN NaN NaN NaN NaN NaN NaN NaN NaN NaN NaN NaN NaN NaN NaN NaN NaN -24.0078100000000 -42.0234400000000 -69.7637900000000 -88.9460400000000 -101.938200000000 -122.376300000000 -130.241500000000 -140.779100000000 -143.028200000000 -141.166500000000 -146.353800000000 -147.137000000000 -151.334000000000 -150.629800000000 -147.343800000000 -148.292500000000 -147.792800000000 -153.064600000000 -158.318700000000 -160.499400000000 -163.434400000000 -160.378900000000 -158.146200000000 -155.189900000000 -151.794800000000 -150.095100000000 -147.432700000000 -143.835000000000 -139.326700000000 -135.477800000000 -129.038200000000 -119.937400000000 -104.430800000000 -85.9869400000000 -62.5716600000000 -41.0041500000000
NaN NaN NaN NaN NaN NaN NaN NaN NaN NaN NaN NaN NaN NaN NaN NaN NaN NaN NaN NaN NaN NaN NaN NaN NaN NaN NaN NaN NaN NaN NaN NaN NaN NaN NaN NaN -12.9953600000000 -30.6416000000000 -58.1387900000000 -77.4276100000000 -90.6969000000000 -111.909800000000 -120.148900000000 -130.987100000000 -133.642500000000 -131.910800000000 -137.616100000000 -139.476000000000 -144.871800000000 -144.774700000000 -141.881600000000 -143.779200000000 -143.747600000000 -150.219800000000 -156.605500000000 -159.532000000000 -161.694800000000 -157.496200000000 -153.873700000000 -150.513100000000 -146.928500000000 -144.227500000000 -140.334400000000 -134.976300000000 -128.957400000000 -124.209400000000 -117.114500000000 -107.449100000000 -91.5179400000000 -73.4226100000000 -51.0821500000000 -30.8000500000000
NaN NaN NaN NaN NaN NaN NaN NaN NaN NaN NaN NaN NaN NaN NaN NaN NaN NaN NaN NaN NaN NaN NaN NaN NaN NaN NaN NaN NaN NaN NaN NaN NaN NaN NaN NaN -0.664428700000000 -18.0703100000000 -45.7772200000000 -65.4646000000000 -79.1295200000000 -100.330400000000 -108.095500000000 -119.234500000000 -122.732300000000 -121.496900000000 -128.204600000000 -131.133200000000 -137.138700000000 -136.977800000000 -133.811200000000 -135.928200000000 -136.589000000000 -144.256500000000 -151.086300000000 -154.857200000000 -157.477900000000 -153.694900000000 -149.799100000000 -145.967000000000 -141.996700000000 -138.251700000000 -133.205100000000 -126.526600000000 -119.430700000000 -113.847200000000 -106.180500000000 -95.9564200000000 -79.0170900000000 -60.6804200000000 -39.1955600000000 -20.4447000000000
NaN NaN NaN NaN NaN NaN NaN NaN NaN NaN NaN NaN NaN NaN NaN NaN NaN NaN NaN NaN NaN NaN NaN NaN NaN NaN NaN NaN NaN NaN NaN NaN NaN NaN NaN NaN NaN -7.00659200000000 -35.0941200000000 -54.9865700000000 -68.1803000000000 -88.5688500000000 -95.6577100000000 -107.140900000000 -111.657500000000 -111.726000000000 -120.019200000000 -123.480500000000 -129.150100000000 -128.597700000000 -125.552200000000 -127.857500000000 -128.793300000000 -136.946500000000 -143.805100000000 -148.198500000000 -151.996200000000 -149.630600000000 -146.456300000000 -142.747300000000 -138.574700000000 -134.064600000000 -127.940600000000 -120.302100000000 -112.582800000000 -106.475300000000 -98.3088400000000 -87.5457800000000 -69.6848100000000 -50.8018800000000 -29.9516600000000 -12.8454600000000
NaN NaN NaN NaN NaN NaN NaN NaN NaN NaN NaN NaN NaN NaN NaN NaN NaN NaN NaN NaN NaN NaN NaN NaN NaN NaN NaN NaN NaN NaN NaN NaN NaN NaN NaN NaN NaN NaN -20.4187000000000 -39.9068600000000 -52.3264200000000 -71.8930700000000 -78.6616200000000 -90.9467800000000 -96.8584000000000 -98.8958700000000 -109.595100000000 -113.373800000000 -118.604000000000 -117.967300000000 -115.043900000000 -118.140700000000 -119.864600000000 -127.914700000000 -134.498200000000 -139.047000000000 -143.642600000000 -142.959100000000 -141.207800000000 -137.931000000000 -133.457300000000 -128.275000000000 -121.350100000000 -112.830400000000 -104.402200000000 -97.5871600000000 -88.6182900000000 -76.8411900000000 -58.1790800000000 -39.0883800000000 -18.7722200000000 -2.86877400000000
NaN NaN NaN NaN NaN NaN NaN NaN NaN NaN NaN NaN NaN NaN NaN NaN NaN NaN NaN NaN NaN NaN NaN NaN NaN NaN NaN NaN NaN NaN NaN NaN NaN NaN NaN NaN NaN NaN -1.98925800000000 -20.8081100000000 -32.3580300000000 -51.4776600000000 -58.3464400000000 -71.7988300000000 -79.3925800000000 -83.5336900000000 -96.5700700000000 -100.870100000000 -106.383300000000 -105.844100000000 -102.967300000000 -107.036500000000 -109.710100000000 -117.392300000000 -123.262600000000 -127.366300000000 -132.505000000000 -133.750200000000 -134.176500000000 -131.598600000000 -126.323500000000 -120.020400000000 -112.247900000000 -102.924000000000 -93.8396000000000 -86.3376500000000 -76.3330100000000 -63.4353000000000 -43.9786400000000 -24.6796900000000 -4.78833000000000 NaN
NaN NaN NaN NaN NaN NaN NaN NaN NaN NaN NaN NaN NaN NaN NaN NaN NaN NaN NaN NaN NaN NaN NaN NaN NaN NaN NaN NaN NaN NaN NaN NaN NaN NaN NaN NaN NaN NaN NaN -3.91821300000000 -14.9821800000000 -34.1599100000000 -41.5882600000000 -56.1590600000000 -65.3134800000000 -71.1457500000000 -85.5672600000000 -90.2895500000000 -96.6073000000000 -96.8647500000000 -94.3664600000000 -98.6969000000000 -101.645000000000 -109.044800000000 -113.872700000000 -117.200300000000 -123.239400000000 -126.611900000000 -129.151400000000 -127.308500000000 -121.116000000000 -112.921000000000 -103.614400000000 -93.3698700000000 -83.7440200000000 -75.6129200000000 -64.8439900000000 -51.2467000000000 -31.2714800000000 -11.8264200000000 NaN NaN
NaN NaN NaN NaN NaN NaN NaN NaN NaN NaN NaN NaN NaN NaN NaN NaN NaN NaN NaN NaN NaN NaN NaN NaN NaN NaN NaN NaN NaN NaN NaN NaN NaN NaN NaN NaN NaN NaN NaN NaN NaN -19.2598900000000 -27.6690700000000 -43.2095900000000 -53.3444800000000 -59.9259000000000 -74.9715600000000 -80.0108600000000 -87.9331100000000 -89.7157000000000 -87.8031000000000 -92.0047600000000 -94.4764400000000 -101.072500000000 -105.263500000000 -108.660500000000 -115.767900000000 -120.888500000000 -124.612100000000 -122.641800000000 -115.239700000000 -104.873000000000 -93.7465800000000 -82.4395800000000 -72.2620800000000 -63.6887200000000 -52.5205100000000 -38.5859400000000 -18.5168500000000 NaN NaN NaN
NaN NaN NaN NaN NaN NaN NaN NaN NaN NaN NaN NaN NaN NaN NaN NaN NaN NaN NaN NaN NaN NaN NaN NaN NaN NaN NaN NaN NaN NaN NaN NaN NaN NaN NaN NaN NaN NaN NaN NaN NaN -9.28955100000000 -18.7951700000000 -35.1726100000000 -45.3990500000000 -51.7122800000000 -66.5689700000000 -71.9906000000000 -81.5085400000000 -84.6118200000000 -83.5228300000000 -87.6383100000000 -89.1499000000000 -95.0742200000000 -99.6348900000000 -104.096900000000 -112.473100000000 -118.315800000000 -121.159700000000 -117.685200000000 -108.919400000000 -97.0371100000000 -84.7171600000000 -72.5273400000000 -62.1688200000000 -53.6076700000000 -42.2218000000000 -28.3680400000000 -8.45690900000000 NaN NaN NaN
NaN NaN NaN NaN NaN NaN NaN NaN NaN NaN NaN NaN NaN NaN NaN NaN NaN NaN NaN NaN NaN NaN NaN NaN NaN NaN NaN NaN NaN NaN NaN NaN NaN NaN NaN NaN NaN NaN NaN NaN NaN NaN -9.69592300000000 -26.4776600000000 -36.2485400000000 -41.4857200000000 -55.9271200000000 -62.1369600000000 -72.9847400000000 -77.1569800000000 -76.8438700000000 -80.7281500000000 -81.4011200000000 -87.6116900000000 -93.6335400000000 -99.2712400000000 -108.096100000000 -113.346700000000 -113.251000000000 -107.051800000000 -97.4650900000000 -85.0095200000000 -72.8187300000000 -60.8178700000000 -50.3951400000000 -41.7144800000000 -30.3328900000000 -16.8862300000000 NaN NaN NaN NaN
NaN NaN NaN NaN NaN NaN NaN NaN NaN NaN NaN NaN NaN NaN NaN NaN NaN NaN NaN NaN NaN NaN NaN NaN NaN NaN NaN NaN NaN NaN NaN NaN NaN NaN NaN NaN NaN NaN NaN NaN NaN NaN NaN -16.3949000000000 -25.5109900000000 -29.8747600000000 -43.7456100000000 -49.7088600000000 -61.5274700000000 -67.0451700000000 -67.5340600000000 -71.2911400000000 -71.9327400000000 -78.8631600000000 -85.9312700000000 -91.8363000000000 -99.4130900000000 -101.615200000000 -98.2495100000000 -91.2470700000000 -81.4838900000000 -69.4033200000000 -59.0026900000000 -48.0820300000000 -37.3171400000000 -28.0371100000000 -16.5805700000000 -3.37841800000000 NaN NaN NaN NaN
NaN NaN NaN NaN NaN NaN NaN NaN NaN NaN NaN NaN NaN NaN NaN NaN NaN NaN NaN NaN NaN NaN NaN NaN NaN NaN NaN NaN NaN NaN NaN NaN NaN NaN NaN NaN NaN NaN NaN NaN NaN NaN NaN -9.57922400000000 -18.5971700000000 -22.8101800000000 -36.4689900000000 -42.0490700000000 -53.9693600000000 -60.2365700000000 -61.5459000000000 -65.6251200000000 -66.6865200000000 -73.5014600000000 -79.7548800000000 -84.6035200000000 -89.5935100000000 -88.0642100000000 -83.1040000000000 -76.9445800000000 -68.0087900000000 -57.9173600000000 -50.3061500000000 -40.3375200000000 -29.3999000000000 -19.9434800000000 -8.39465300000000 NaN NaN NaN NaN NaN
NaN NaN NaN NaN NaN NaN NaN NaN NaN NaN NaN NaN NaN NaN NaN NaN NaN NaN NaN NaN NaN NaN NaN NaN NaN NaN NaN NaN NaN NaN NaN NaN NaN NaN NaN NaN NaN NaN NaN NaN NaN NaN NaN NaN -6.04064900000000 -11.2775900000000 -26.2935800000000 -33.0314900000000 -45.4528800000000 -51.6433100000000 -53.2894300000000 -57.3278800000000 -57.8000500000000 -62.9467800000000 -66.6630900000000 -69.1490500000000 -71.0992400000000 -67.2983400000000 -61.7491500000000 -55.4781500000000 -49.1226800000000 -42.9085700000000 -37.2833300000000 -27.9801000000000 -17.1522200000000 -7.78002900000000 NaN NaN NaN NaN NaN NaN
NaN NaN NaN NaN NaN NaN NaN NaN NaN NaN NaN NaN NaN NaN NaN NaN NaN NaN NaN NaN NaN NaN NaN NaN NaN NaN NaN NaN NaN NaN NaN NaN NaN NaN NaN NaN NaN NaN NaN NaN NaN NaN NaN NaN NaN -1.78588900000000 -18.7932100000000 -27.0327100000000 -40.6472200000000 -47.0694600000000 -48.3690200000000 -51.4458000000000 -50.1096200000000 -52.4465300000000 -52.7637900000000 -51.9840100000000 -51.7530500000000 -47.2069100000000 -41.9196800000000 -37.0736100000000 -33.9346900000000 -31.0379600000000 -26.2233900000000 -16.9837600000000 -6.87878400000000 NaN NaN NaN NaN NaN NaN NaN
NaN NaN NaN NaN NaN NaN NaN NaN NaN NaN NaN NaN NaN NaN NaN NaN NaN NaN NaN NaN NaN NaN NaN NaN NaN NaN NaN NaN NaN NaN NaN NaN NaN NaN NaN NaN NaN NaN NaN NaN NaN NaN NaN NaN NaN NaN -13.8527800000000 -23.5029300000000 -37.8483900000000 -44.8397200000000 -45.9135700000000 -47.4688700000000 -43.4044200000000 -42.2552500000000 -39.2480500000000 -35.3988000000000 -33.4077100000000 -29.5307600000000 -26.3051800000000 -24.3029800000000 -23.2132600000000 -20.8874500000000 -16.5522500000000 -7.82788100000000 NaN NaN NaN NaN NaN NaN NaN NaN
NaN NaN NaN NaN NaN NaN NaN NaN NaN NaN NaN NaN NaN NaN NaN NaN NaN NaN NaN NaN NaN NaN NaN NaN NaN NaN NaN NaN NaN NaN NaN NaN NaN NaN NaN NaN NaN NaN NaN NaN NaN NaN NaN NaN NaN NaN -7.79150400000000 -18.1060800000000 -32.3877000000000 -39.2049600000000 -39.7573200000000 -39.7524400000000 -33.0011000000000 -28.2476800000000 -22.2404800000000 -15.9362800000000 -12.4840100000000 -9.55615200000000 -8.31848100000000 -7.79797400000000 -7.10034200000000 -4.38378900000000 -0.624511700000000 NaN NaN NaN NaN NaN NaN NaN NaN NaN
NaN NaN NaN NaN NaN NaN NaN NaN NaN NaN NaN NaN NaN NaN NaN NaN NaN NaN NaN NaN NaN NaN NaN NaN NaN NaN NaN NaN NaN NaN NaN NaN NaN NaN NaN NaN NaN NaN NaN NaN NaN NaN NaN NaN NaN NaN -5.13037100000000 -14.7906500000000 -28.1403800000000 -33.7270500000000 -33.2131300000000 -31.9653300000000 -24.0308800000000 -17.7884500000000 -10.4777800000000 -3.31018100000000 NaN NaN NaN NaN NaN NaN NaN NaN NaN NaN NaN NaN NaN NaN NaN NaN
NaN NaN NaN NaN NaN NaN NaN NaN NaN NaN NaN NaN NaN NaN NaN NaN NaN NaN NaN NaN NaN NaN NaN NaN NaN NaN NaN NaN NaN NaN NaN NaN NaN NaN NaN NaN NaN NaN NaN NaN NaN NaN NaN NaN NaN NaN NaN -4.67785600000000 -15.8508300000000 -19.8261700000000 -18.4627700000000 -16.7428000000000 -9.18835400000000 -3.55212400000000 NaN NaN NaN NaN NaN NaN NaN NaN NaN NaN NaN NaN NaN NaN NaN NaN NaN NaN
NaN NaN NaN NaN NaN NaN NaN NaN NaN NaN NaN NaN NaN NaN NaN NaN NaN NaN NaN NaN NaN NaN NaN NaN NaN NaN NaN NaN NaN NaN NaN NaN NaN NaN NaN NaN NaN NaN NaN NaN NaN NaN NaN NaN NaN NaN NaN NaN NaN -1.44238300000000 -0.858154300000000 -1.46276900000000 NaN NaN NaN NaN NaN NaN NaN NaN NaN NaN NaN NaN NaN NaN NaN NaN NaN NaN NaN NaN
