DH_DATA/Shapefiles/Gridded Datasets/icethic.asc
ncols         220
nrows         220
xllcorner     330000
yllcorner     -1110000
cellsize      1000
NODATA_value  -9999
[rows 168 to 195 of 220, columns 0 to 63 of 220]
220.2493 217.6729 219.3383 224.4174 235.9095 254.4535 269.6792 282.6276 290.8131 301.3677 313.5588 322.1424 329.3598 333.515 337.4093 340.8401 343.4827 346.9655 350.5047 356.047 363.1613 368.0168 371.2534 372.4539 372.9004 370.534 367.157 358.5759 352.7415 346.8806 341.4076 336.4487 332.6161 328.1112 324.5381 323.1853 324.3776 328.1736 332.8135 340.5695 350.4765 361.6422 378.2056 394.4658 411.704 431.2163 456.8346 467.419 463.2711 446.2055 412.3741 388.6297 349.1288 316.5425 289.3246 241.6475 213.2907 169.6707 136.3409 110.8602 71.23854 51.24503 28.30238 22.66139
221.8789 219.2579 220.9928 226.2398 237.9768 256.7656 272.0558 284.8786 292.7707 302.6785 313.8987 321.7903 328.5823 332.6862 336.7923 340.649 343.5107 346.8816 350.0592 354.8623 360.8081 364.6792 367.0174 367.601 367.2181 365.6385 361.9654 353.7549 347.8463 341.9489 336.1723 331.2219 326.9618 323.2942 320.5709 319.5953 320.4625 323.6938 328.955 336.5587 345.6196 357.547 369.8917 381.0721 384.2388 421.3529 444.7139 454.7294 451.8307 438.2354 409.8638 389.0449 352.1229 318.5181 289.1825 237.0027 206.2432 160.8563 128.7403 105.1876 69.86771 52.6411 33.69918 30.73816
224.4955 221.618 223.2074 228.4433 240.1651 258.8904 274.0561 286.6553 294.2669 303.6479 314.1265 321.499 327.9627 332.0169 336.273 340.4402 343.4531 346.7154 349.5894 353.7778 358.7644 361.8427 363.4781 363.5957 362.6006 360.1975 355.3395 348.7945 343.0296 337.0855 331.4351 326.4563 322.1844 318.758 316.2362 315.0152 315.81 318.8108 324.0619 331.1378 338.4589 349.836 358.1682 355.0265 379.5701 412.4245 433.0555 442.0911 440.1474 429.6089 406.2466 388.1723 353.774 319.4693 288.4544 232.6344 199.933 153.1842 122.1769 100.3011 68.68274 53.83418 38.35553 37.74977
229.1406 225.9129 227.2525 232.3849 243.9193 262.3213 277.1487 289.331 296.5262 305.193 314.7052 321.4041 327.4231 331.381 335.778 340.2751 343.433 346.5199 348.9837 352.3584 356.0959 358.1598 358.9193 358.4751 356.7631 354.3584 349.0344 343.3914 336.4832 329.8557 323.7942 319.0903 315.289 312.3711 309.6667 308.188 308.5409 310.2823 315.4498 323.005 333.8043 342.1122 342.3021 354.1853 374.7887 401.6491 418.3522 425.7617 424.7884 417.815 400.4735 385.7337 354.4209 319.2931 286.2801 226.1528 191.1895 142.999 113.5842 93.9771 67.27654 55.55991 44.61718 47.04273
235.5729 232.401 233.703 238.728 249.932 267.7065 281.9351 293.499 300.1734 308.0049 316.4164 322.3359 327.796 331.5599 335.9543 340.6024 343.7819 346.604 348.6126 351.1312 353.6012 354.6692 354.605 353.668 351.3703 348.963 343.8822 338.8322 333.5542 327.8171 322.2805 317.3472 313.1937 309.4459 305.6996 302.983 302.562 304.4426 309.6051 318.0758 329.2666 332.9984 345.598 356.2573 373.669 395.5531 408.8032 414.4 413.5784 408.2843 394.1192 381.1686 351.395 315.4581 280.9711 217.9102 181.547 132.897 105.3928 88.19269 66.46937 57.82912 51.2 56.24099
241.5743 239.0049 240.5912 245.5622 256.4058 273.4419 287.0016 297.9628 304.2155 311.4315 319.0616 324.4098 329.4029 332.9197 337.1029 341.5665 344.5659 347.0937 348.7669 350.7203 352.4178 352.9216 352.4362 351.2945 348.8195 344.6016 340.6803 336.586 333.2529 328.1831 321.4298 316.2052 311.5929 307.9546 302.2836 296.0201 293.5267 294.9217 299.1844 308.4236 323.6772 337.1019 350.0642 360.8392 378.2815 399.9234 412.6852 417.4692 415.6825 408.5969 391.8721 377.4763 345.918 309.1071 274.1206 210.6207 174.2828 126.2597 100.0791 84.36077 65.5019 58.52216 53.9824 59.83692
249.0054 247.2935 249.2679 254.1308 264.4383 280.4377 293.1028 303.3138 309.1052 315.7142 322.6163 327.423 331.9251 335.1226 338.9442 343.0056 345.6769 347.83 349.1576 350.5739 351.5884 351.6327 350.8507 349.6175 347.152 343.0895 339.3492 335.4342 332.2083 327.2655 320.7273 315.7908 311.6328 308.5022 303.719 298.7125 297.1766 299.3389 304.0006 313.6059 329.2026 342.9422 356.3727 367.8327 386.6736 410.0446 423.4816 427.6958 424.245 413.4799 391.1636 373.6068 338.4085 300.4551 265.2331 202.1802 166.425 119.5251 94.60528 80.20934 63.7851 58.13647 55.0712 61.07505
255.0239 254.0465 256.3458 261.1022 270.9339 286.0345 297.9388 307.531 312.9644 319.1283 325.5172 329.9401 334.0753 337.012 340.5116 344.1977 346.5789 348.4403 349.5269 350.5882 351.178 350.9614 350.0448 348.813 346.4594 342.6562 339.1688 335.503 332.4431 327.7136 321.4841 316.8764 313.1627 310.4927 306.4918 302.5596 301.8095 304.5583 309.471 319.2167 334.8541 348.6719 362.3579 374.341 394.3401 419.1681 433.144 436.7769 431.7534 417.539 390.0403 369.6042 331.2447 292.6278 257.6169 195.7491 160.9206 115.3646 91.43898 77.95341 63.07647 58.21821 55.93282 61.77933
262.9848 263.007 265.739 270.333 279.4873 293.3273 304.1756 312.9216 317.8795 323.4702 329.2155 333.1602 336.8307 339.4262 342.4921 345.672 347.6784 349.1935 350.0158 350.7068 350.8858 350.4525 349.4813 348.3393 346.2516 342.9423 339.9157 336.7129 333.9827 329.696 324.0811 320.0619 317.0654 315.0899 312.2318 309.8314 310.1768 313.7167 318.9736 328.9427 344.6176 358.3903 372.0698 384.2772 404.9149 430.3876 444.1511 446.3855 439.0105 420.0101 385.6175 361.4877 319.3869 280.6358 246.7097 187.9129 155.1377 112.2767 89.86167 77.51215 64.33125 60.26041 58.68359 64.18327
271.6807 272.8074 275.999 280.3813 288.7166 301.055 310.6531 318.402 322.801 327.7191 332.7193 336.1266 339.296 341.5364 344.165 346.8644 348.546 349.795 350.4369 350.8994 350.882 350.4237 349.599 348.7006 347.0916 344.5644 342.2556 339.803 337.6479 334.172 329.6624 326.6196 324.698 323.6737 322.3066 321.8473 323.5645 328.099 333.9303 344.6136 360.7857 374.3692 387.097 397.9734 416.1103 437.6537 447.946 446.698 436.2877 412.2886 371.6437 344.5743 300.396 263.5469 232.7696 180.8352 152.2296 114.6 94.58105 83.58058 71.93779 68.44228 67.39999 72.63519
277.5155 279.4404 282.9498 287.1515 294.83 305.9836 314.6068 321.5916 325.572 329.9948 334.4675 337.5182 340.3818 342.4215 344.823 347.3188 348.9149 350.1588 350.8438 351.4156 351.6418 351.4843 351.0727 350.5652 349.5779 347.9662 346.4805 344.9142 343.4718 341.0243 337.9 336.0223 335.2963 335.249 335.3348 336.7156 339.7357 345.2554 351.8792 363.9288 381.347 394.7263 405.4434 413.0177 424.5331 436.2317 439.1251 432.4412 419.2061 392.101 349.0756 321.6138 278.9323 246.3008 220.4677 178.2058 155.1852 124.3762 107.0297 97.06992 85.98106 82.46961 81.52959 86.92403
282.9292 285.6705 289.496 293.4947 300.4628 310.3522 317.9496 324.1501 327.7209 331.6816 335.6931 338.4516 341.0769 342.9619 345.1926 347.5694 349.1782 350.5594 351.4319 352.3492 353.157 353.5815 353.8524 353.9254 353.8063 353.4226 353.0259 352.6366 352.1501 351.087 349.8134 349.4638 350.2647 351.4265 353.2695 356.8434 361.4099 368.1086 375.7791 389.7586 408.9868 422.0664 429.8044 432.4174 433.9259 430.8537 422.8847 408.6434 392.0354 361.9735 317.7829 291.0012 251.8047 225.4612 206.5815 177.5855 162.1088 140.3802 126.309 117.3302 106.1663 102.1893 100.9648 106.6753
286.6575 289.9706 294.0073 297.8459 304.2811 313.2336 320.0751 325.701 328.9748 332.6051 336.2944 338.8546 341.3228 343.1066 345.2269 347.5394 349.1858 350.7105 351.7656 353.0121 354.3549 355.2932 356.1432 356.6923 357.2707 357.8604 358.3242 358.8685 359.1473 359.1992 359.4118 360.2735 362.2598 364.3394 367.4969 372.6884 378.3801 385.922 394.3661 409.8124 430.3954 443.154 448.4141 446.9536 440.2646 425.1382 408.3661 388.101 368.9362 336.8392 292.2427 266.3202 230.3264 209.2403 196.0706 177.8785 168.5137 154.1026 142.5977 134.3064 122.8652 118.3811 116.7549 122.6473
292.1236 296.2032 300.491 304.0624 309.6822 317.2259 322.9309 327.6803 330.4875 333.587 336.7434 338.9679 341.1686 342.7805 344.7101 346.8997 348.5869 350.3174 351.6472 353.4 355.5661 357.2858 358.9998 360.2466 361.8362 363.8308 365.5405 367.4477 368.862 370.5922 373.0384 375.6845 379.354 382.6904 387.6099 394.9083 402.006 410.525 419.8664 437.0666 459.1263 471.0975 472.5793 465.1873 446.6951 414.3078 384.9735 356.1448 333.3581 298.3926 253.3261 228.7643 197.7416 184.7514 180.3296 178.6475 178.6051 175.3281 167.7162 160.4606 148.5336 143.1886 140.6704 146.4333
295.7195 300.1463 304.498 307.8684 312.9668 319.6391 324.6336 328.805 331.2725 333.9548 336.6518 338.5628 340.502 341.945 343.6799 345.6999 347.3319 349.098 350.5224 352.4832 355.0163 357.0933 359.202 360.7645 362.8109 365.4482 367.741 370.303 372.2915 374.9089 378.5353 382.0746 386.496 390.3281 395.8912 403.8609 411.2976 419.898 429.2715 446.5974 468.4377 479.4897 478.998 469.0093 445.6081 406.179 371.7171 339.304 314.8173 278.1863 232.3132 208.1125 179.398 170.7563 171.1005 178.4678 183.5502 186.4 181.0225 174.4793 162.5009 156.7094 153.4 158.3744
297.469 301.9419 306.2334 309.4686 314.2959 320.5425 325.179 329.0225 331.2597 333.6239 335.9303 337.5557 339.252 340.5396 342.09 343.9247 345.4519 347.1581 348.5745 350.5734 353.2076 355.3872 357.5986 359.2322 361.3751 364.1523 366.5877 369.3325 371.5206 374.4969 378.5964 382.4258 386.963 390.7667 396.2 403.8423 410.8701 418.918 427.6981 443.9606 464.3302 474.3492 473.1801 463.0196 439.7415 400.7163 366.5036 334.0304 309.1039 271.4218 224.1152 199.325 170.6831 163.496 165.6032 176.4552 183.5527 188.8396 184.5033 178.4776 166.8712 161.015 157.1304 160.961
298.4516 302.6538 306.6682 309.7 314.2643 320.1655 324.4859 327.955 329.8499 331.6794 333.2679 334.3459 335.5774 336.5719 337.7683 339.227 340.5135 342.0387 343.3772 345.355 348.0305 350.2403 352.4291 353.9948 356.0038 358.5908 360.8964 363.5677 365.8186 369.0528 373.4758 377.3237 381.4511 384.6357 388.951 394.7899 400.1063 406.2536 413.0688 425.7542 441.5892 449.2092 447.8703 439.8099 421.9497 391.4364 363.2865 334.3118 309.7488 270.4752 219.4929 192.4784 161.6871 154.5947 157.3373 169.826 177.9787 184.6072 181.2203 176.0623 165.6343 160.0136 155.124 156.1911
298.7153 302.6314 306.4134 309.3243 313.7813 319.5788 323.7924 327.0904 328.7979 330.3181 331.4754 332.217 333.1591 333.9703 334.9432 336.1543 337.2661 338.6354 339.8806 341.772 344.361 346.4846 348.5419 349.9685 351.752 354.0249 356.0808 358.528 360.6792 363.8818 368.2509 371.89 375.525 378.1247 381.4458 385.774 389.7333 394.45 399.8159 409.8663 422.4486 428.5134 427.4513 421.4291 408.4591 385.5156 362.824 337.2089 313.3979 273.5855 220.5115 192.0505 159.549 151.8163 154.1605 166.1353 174.0665 180.4645 177.2889 172.5643 162.8732 157.4237 151.8156 150.9212
300.2545 303.6541 307.0176 309.706 313.9436 319.515 323.5196 326.5246 327.9364 328.9886 329.5042 329.7405 330.2323 330.7507 331.3671 332.1649 332.9526 333.987 334.9833 336.5621 338.7532 340.5204 342.1582 343.215 344.4438 345.9669 347.415 349.2807 351.0855 353.9604 357.8865 360.9286 363.5586 365.0826 366.6371 368.375 370.0887 372.5233 375.6436 381.6588 389.3479 393.1996 392.842 390.226 385.2077 374.572 360.9232 341.2385 319.3264 279.94 225.3136 195.5023 161.304 152.7224 154.2892 164.8971 172.0739 177.5376 174.3395 170.0134 161.0003 155.5381 148.368 144.1139
303.8405 306.9296 309.996 312.4679 316.3906 321.5451 325.2144 327.897 329.0759 329.8199 329.9561 329.8953 330.097 330.4138 330.7873 331.2835 331.7976 332.499 333.1996 334.3387 335.9262 337.1839 338.303 338.9619 339.6375 340.446 341.315 342.605 344.0105 346.4051 349.7095 352.1464 353.995 354.78 355.1785 355.3125 355.7154 356.903 358.8953 362.9755 368.4005 371.2982 371.401 370.448 369.1775 364.4441 355.4147 339.302 319.2869 281.9563 229.2776 200.377 167.4 159.4823 161.3102 172.0127 179.1023 184.3 180.932 176.4851 167.02 160.9914 152.1 145.4216
308.4095 311.331 314.1833 316.4413 319.9801 324.5822 327.8259 330.164 331.1526 331.6985 331.637 331.4238 331.4479 331.6282 331.8414 332.1192 332.3984 332.7709 333.1424 333.7485 334.5837 335.2267 335.7698 336.0281 336.1824 336.3483 336.7012 337.4646 338.4708 340.3337 342.9644 344.8463 346.1175 346.4255 346.1198 345.3661 345.1414 345.8534 347.557 351.2769 356.4183 359.3332 359.7682 359.2549 358.7535 355.3524 347.7526 333.4521 315.225 280.9003 232.3632 205.8246 175.9871 169.8044 172.6791 184.6501 192.2198 197.7585 194.1963 189.32 178.7004 171.7723 161.1476 152.7942
318.6121 321.2572 323.7052 325.5128 328.1928 331.539 333.8335 335.451 336.095 336.35 336.0703 335.6901 335.457 335.4169 335.3779 335.2754 335.0842 334.7369 334.3442 333.6674 332.6686 331.8278 331.0215 330.379 329.3955 328.1909 327.4447 327.0677 327.1691 327.7734 328.8184 329.4836 329.6391 329.1127 327.6309 325.5407 324.5588 324.973 326.8719 331.3511 337.8674 341.8967 343.1694 342.7221 341.5567 337.401 330.3706 318.6715 304.3668 277.5801 240.1252 220.0277 198.604 196.8485 202.3591 217.4801 226.2275 232.608 228.4398 222.2974 208.5408 199.3996 185.0968 173.9114
325.6585 328.1553 330.3665 331.8943 334.0236 336.558 338.2447 339.416 339.8652 339.9832 339.6363 339.2043 338.8492 338.6926 338.5213 338.2025 337.7206 336.91 336.0148 334.4846 332.2572 330.42 328.7083 327.4627 325.7188 323.5959 322.1087 320.9562 320.4279 320.1349 320.0485 319.8726 319.3079 318.2844 316.1375 313.3545 312.0516 312.4614 314.6868 320.0318 327.9129 332.9054 334.7118 334.0364 331.7597 326.077 318.7191 308.3802 296.7077 275.2554 245.8027 230.3655 214.935 216.1803 223.4049 240.4628 249.877 256.6542 251.9482 244.8318 228.7817 218.0915 201.371 188.5425
337.7076 340.0173 341.9112 343.0485 344.39 345.7558 346.5737 347.1246 347.3251 347.305 346.9454 346.5006 346.0143 345.7116 345.3716 344.7542 343.851 342.3571 340.7194 337.9279 333.8728 330.5323 327.4229 325.2209 322.2436 318.5962 315.8596 313.3925 311.7823 309.9171 307.8374 306.2005 304.4326 302.6393 299.5356 295.8249 294.1305 294.5812 297.3133 303.9858 313.921 320.3067 322.7806 321.5396 317.1182 308.4995 300.3052 291.9995 284.6141 272.0154 255.8797 248.1435 242.3772 248.0623 257.572 276.8045 286.7387 293.46 287.5584 278.6891 258.7544 245.5227 224.9384 209.6228
346.5944 348.8341 350.6 351.5699 352.5549 353.3854 353.8113 354.098 354.2144 354.1876 353.9021 353.5074 352.996 352.6382 352.2261 351.4609 350.3415 348.498 346.4916 343.0867 338.1269 334.0027 330.101 327.3043 323.5073 318.783 315.135 311.705 309.2929 306.234 302.6227 299.8684 297.203 294.8912 291.2275 287.0169 285.0729 285.399 288.1811 295.1478 305.5975 312.3225 314.903 313.2594 307.6026 297.4464 289.0063 282.2 277.6857 270.9822 263.5923 260.8004 260.896 268.6836 278.849 297.9327 307.3147 312.9 305.765 295.5662 272.9858 258.0962 235 218.052
352.4384 354.6944 356.4697 357.4329 358.373 359.127 359.5074 359.791 359.9465 360.0153 359.8773 359.5865 359.1342 358.7919 358.3831 357.5855 356.4034 354.4579 352.3591 348.8188 343.6343 339.2546 335.002 331.8712 327.5481 322.0602 317.7373 313.594 310.5788 306.5918 301.7762 298.1575 294.8351 292.2144 288.3311 284.0101 281.984 282.1222 284.6648 291.2379 301.1565 307.495 309.785 307.8331 301.5286 290.7367 282.4073 276.6889 274.0515 271.1985 269.3943 269.6226 272.8579 280.9566 290.4658 307.4587 315.3716 318.9061 310.5267 299.3664 275.1893 259.3779 234.8698 216.9554
361.3608 363.7618 365.7177 366.8431 368.0205 369.0982 369.7536 370.3217 370.7108 371.1283 371.4352 371.4637 371.259 371.0433 370.7439 370.0216 368.8807 366.9859 364.9823 361.6538 356.6953 352.3138 347.7624 344.1804 339.0233 332.2065 326.6661 321.2346 317.1106 311.3642 304.2512 299.0228 294.5656 291.5538 287.6599 283.6804 281.8067 281.6304 283.5018 288.7673 296.7694 301.68 302.9294 300.2423 292.7245 280.8394 272.6657 268.6334 269.0385 272.6012 280.0028 284.9975 292.4062 299.2675 305.8761 316.0609 319.6853 317.6648 306.5387 293.6718 267.1623 250.17 223.884 204.7554
366.6982 369.2233 371.3415 372.6227 374.0494 375.4757 376.4139 377.2456 377.8239 378.4992 379.1177 379.3701 379.3521 379.2405 379.0363 378.3995 377.3318 375.5428 373.6804 370.6239 366.0042 361.7745 357.1641 353.3759 347.7841 340.2284 333.9936 327.8232 323.0554 316.2706 307.7933 301.6136 296.5018 293.297 289.4839 285.8187 284.0808 283.6833 285.0515 289.3091 295.8214 299.6258 300.085 296.9238 288.7338 276.3055 268.2484 265.1015 267.1112 274.1046 286.3871 293.836 303.1166 308.7372 313.2039 318.655 319.37 313.6242 300.7178 286.8101 258.9876 241.3839 214.222 194.5408
