DH_DATA/Shapefiles/Gridded Datasets/icethic.asc
ncols         220
nrows         220
xllcorner     330000
yllcorner     -1110000
cellsize      1000
NODATA_value  -9999
[rows 28 to 55 of 220, columns 128 to 191 of 220]
1022.382 1027.485 1036.934 1042.958 1053.173 1061.218 1067.279 1077.896 1084.829 1097.827 1109.572 1118.997 1135.876 1146.702 1165.902 1182.542 1195.807 1218.966 1233.244 1257.193 1276.744 1291.845 1317.288 1332.411 1356.774 1375.642 1389.663 1412.426 1425.521 1446.023 1460.874 1471.191 1487.42 1496.908 1512.959 1525.789 1535.141 1550.747 1560.416 1577.619 1592.217 1603.428 1622.98 1635.436 1657.802 1677.686 1693.705 1721.556 1738.433 1765.805 1787.341 1803.695 1830.557 1846.009 1869.808 1887.155 1899.485 1918.469 1928.77 1943.831 1953.716 1959.928 1968.445 1972.7
1013.861 1019.597 1030.107 1036.723 1047.75 1056.268 1062.612 1073.585 1080.673 1093.849 1105.659 1115.08 1131.867 1142.595 1161.58 1177.973 1191 1213.712 1227.724 1251.293 1270.617 1285.574 1310.801 1325.793 1349.901 1368.512 1382.317 1404.709 1417.597 1437.813 1452.497 1462.708 1478.804 1488.237 1504.234 1516.996 1526.275 1541.826 1551.564 1569.174 1584.461 1596.374 1617.281 1630.566 1654.157 1674.844 1691.42 1720.151 1737.549 1765.819 1788.144 1805.121 1833.011 1849.034 1873.636 1891.467 1904.091 1923.461 1933.95 1949.28 1959.349 1965.671 1974.308 1978.594
1006.187 1012.764 1024.701 1032.109 1044.199 1053.304 1059.983 1071.346 1078.585 1091.91 1103.747 1113.123 1129.712 1140.252 1158.814 1174.723 1187.293 1209.153 1222.645 1245.428 1264.216 1278.797 1303.421 1318.051 1341.534 1359.597 1372.967 1394.637 1407.117 1426.745 1441.03 1450.968 1466.678 1475.938 1491.774 1504.462 1513.699 1529.32 1539.247 1557.541 1573.844 1586.769 1609.607 1624.069 1649.399 1671.233 1688.61 1718.599 1736.724 1766.202 1789.526 1807.266 1836.384 1853.081 1878.626 1897.024 1909.985 1929.787 1940.478 1956.093 1966.344 1972.763 1981.486 1985.78
1001.797 1009.107 1022.311 1030.43 1043.47 1053.098 1060.079 1071.8 1079.181 1092.649 1104.528 1113.885 1130.331 1140.707 1158.847 1174.226 1186.283 1207.175 1220.08 1241.988 1260.195 1274.372 1298.358 1312.613 1335.453 1352.963 1365.902 1386.862 1398.943 1417.994 1431.885 1441.549 1456.875 1465.962 1481.635 1494.268 1503.489 1519.214 1529.324 1548.21 1565.351 1579.105 1603.518 1618.939 1645.69 1668.475 1686.524 1717.566 1736.292 1766.731 1790.809 1809.103 1839.089 1856.257 1882.469 1901.275 1914.478 1934.592 1945.43 1961.254 1971.641 1978.133 1986.927 1991.235
998.4031 1006.516 1021.138 1030.065 1044.2 1054.449 1061.807 1074.006 1081.595 1095.3 1107.298 1116.698 1133.083 1143.319 1161 1175.718 1187.11 1206.739 1218.884 1239.7 1257.233 1270.964 1294.274 1308.138 1330.3 1347.216 1359.694 1379.896 1391.554 1410 1423.494 1432.892 1447.855 1456.781 1472.3 1484.874 1494.076 1509.891 1520.169 1539.6 1557.516 1572.036 1597.908 1614.22 1642.3 1665.992 1684.692 1716.76 1736.064 1767.4 1792.138 1810.896 1841.589 1859.137 1885.9 1905.06 1918.479 1938.88 1949.861 1965.9 1976.44 1983.026 1991.94 1996.298
997.1658 1005.972 1021.852 1031.513 1046.674 1057.562 1065.349 1078.149 1086.019 1100.039 1112.167 1121.604 1137.9 1147.969 1165.147 1179.16 1189.846 1208.138 1219.48 1239.152 1255.978 1269.239 1291.845 1305.318 1326.847 1343.261 1355.374 1375.009 1386.36 1404.367 1417.574 1426.789 1441.509 1450.331 1465.753 1478.288 1487.478 1503.359 1513.757 1533.581 1552.052 1567.118 1594.033 1610.987 1640.033 1664.409 1683.614 1716.485 1736.234 1768.219 1793.38 1812.406 1843.477 1861.222 1888.293 1907.675 1921.237 1941.844 1952.934 1969.143 1979.808 1986.478 1995.514 1999.935
997.9477 1007.81 1025.646 1036.469 1053.292 1065.283 1073.86 1087.816 1096.238 1110.846 1123.162 1132.609 1148.631 1158.34 1174.543 1187.277 1196.703 1212.621 1222.539 1240.16 1255.677 1268.042 1289.3 1302.039 1322.447 1338.059 1349.637 1368.491 1379.433 1396.845 1409.648 1418.606 1432.995 1441.678 1456.977 1469.477 1478.669 1494.674 1505.256 1525.643 1544.882 1560.698 1589.041 1606.874 1637.262 1662.619 1682.567 1716.623 1737.013 1769.885 1795.543 1814.835 1846.221 1864.12 1891.465 1911.091 1924.822 1945.689 1956.924 1973.359 1984.19 1990.973 2000.182 2004.701
1000.405 1011.646 1032.052 1044.402 1063.393 1076.797 1086.37 1101.778 1110.894 1126.267 1138.881 1148.411 1164.207 1173.512 1188.494 1199.521 1207.241 1219.926 1227.906 1242.765 1256.561 1267.771 1287.308 1299.107 1318.048 1332.57 1343.397 1361.131 1371.479 1388.033 1400.266 1408.863 1422.783 1431.27 1446.387 1458.838 1468.041 1484.225 1495.049 1516.138 1536.31 1553.033 1583.101 1601.998 1634.015 1660.578 1681.447 1716.973 1738.153 1772.08 1798.276 1817.82 1849.451 1867.455 1895.032 1914.902 1928.809 1949.958 1961.358 1978.063 1989.103 1996.036 2005.491 2010.16
1001.45 1013.71 1035.99 1049.428 1069.898 1084.136 1094.223 1110.308 1119.743 1135.538 1148.478 1158.245 1174.269 1183.525 1197.949 1207.902 1214.478 1224.956 1231.621 1244.67 1257.46 1268.058 1286.73 1298.039 1316.084 1329.766 1339.927 1356.557 1366.292 1381.986 1393.682 1401.938 1415.407 1423.696 1438.61 1450.993 1460.195 1476.511 1487.514 1509.107 1529.943 1547.312 1578.609 1598.262 1631.426 1658.824 1680.323 1716.85 1738.568 1773.224 1799.809 1819.547 1851.386 1869.484 1897.244 1917.283 1931.303 1952.628 1964.134 1981.034 1992.246 1999.312 2008.998 2013.812
999.8072 1012.892 1036.634 1050.874 1072.3 1086.824 1096.913 1112.812 1122.14 1138 1151.374 1161.634 1178.529 1188.189 1202.8 1212.274 1218.197 1227.333 1233.208 1245.3 1257.802 1268.37 1287.113 1298.412 1316.1 1329.062 1338.497 1353.763 1362.696 1377.3 1388.365 1396.214 1409.134 1417.172 1431.8 1444.066 1453.244 1469.655 1480.803 1502.8 1524.169 1542.065 1574.366 1594.63 1628.7 1656.715 1678.66 1715.882 1737.982 1773.2 1800.158 1820.135 1852.309 1870.581 1898.6 1918.803 1932.911 1954.354 1965.934 1983 1994.391 2001.607 2011.562 2016.546
997.0404 1010.658 1035.293 1049.974 1071.785 1086.11 1095.793 1110.85 1119.753 1135.39 1149.225 1160.11 1178.262 1188.634 1204.014 1213.584 1219.373 1228.107 1233.752 1245.711 1258.492 1269.438 1288.87 1300.474 1318.204 1330.615 1339.371 1353.258 1361.358 1374.844 1385.285 1392.728 1405.093 1412.872 1427.193 1439.336 1448.494 1464.99 1476.251 1498.521 1520.23 1538.465 1571.404 1592.048 1626.647 1654.967 1677.099 1714.593 1736.851 1772.364 1799.614 1819.831 1852.406 1870.896 1899.196 1919.516 1933.66 1955.118 1966.707 1983.851 1995.371 2002.704 2012.88 2018.005
992.6243 1006.933 1032.68 1047.859 1069.933 1083.603 1092.334 1105.545 1113.526 1128.607 1143.244 1155.28 1175.829 1187.611 1204.684 1214.803 1220.717 1229.405 1235.029 1247.279 1260.854 1272.653 1293.553 1305.819 1323.808 1335.368 1342.991 1354.523 1361.188 1372.76 1382.141 1388.893 1400.307 1407.64 1421.429 1433.372 1442.514 1459.178 1470.623 1493.269 1515.399 1534.054 1567.767 1588.856 1624.035 1652.605 1674.838 1712.43 1734.762 1770.536 1798.187 1818.79 1852.057 1870.928 1899.682 1920.136 1934.281 1955.651 1967.192 1984.369 1996.044 2003.533 2014.02 2019.346
984.7435 999.7182 1026.445 1041.967 1063.876 1076.223 1083.301 1093.43 1099.877 1113.94 1129.671 1143.368 1167.474 1181.419 1201.264 1212.589 1219.085 1228.468 1234.532 1247.918 1263.158 1276.577 1300.216 1313.781 1332.634 1343.275 1349.456 1357.85 1362.576 1371.581 1379.575 1385.419 1395.579 1402.314 1415.372 1427.017 1436.113 1452.935 1464.563 1487.558 1510.063 1529.102 1563.522 1585.004 1620.648 1649.322 1671.508 1708.948 1731.229 1767.157 1795.257 1816.344 1850.519 1869.897 1899.241 1919.843 1933.962 1955.173 1966.627 1983.83 1995.715 2003.422 2014.348 2019.961
975.5168 990.7232 1017.66 1033.113 1054.412 1065.409 1070.966 1078.347 1083.428 1096.496 1112.987 1127.94 1154.832 1170.526 1192.752 1205.321 1212.569 1223.086 1229.88 1244.809 1261.911 1277.062 1303.635 1318.666 1338.831 1349.144 1354.443 1360.721 1364.103 1371.358 1378.454 1383.711 1393.05 1399.384 1411.912 1423.291 1432.285 1449.071 1460.725 1483.779 1506.377 1525.537 1560.194 1581.803 1617.564 1646.184 1668.26 1705.484 1727.674 1763.626 1791.978 1813.362 1848.118 1867.829 1897.57 1918.284 1932.405 1953.557 1964.99 1982.285 1994.383 2002.3 2013.64 2019.525
962.7744 977.8166 1004.233 1019.208 1039.4 1048.884 1052.9 1057.58 1061.316 1073.3 1090.285 1106.206 1135.374 1152.568 1177 1190.939 1199.147 1211.286 1219.152 1236.2 1255.634 1272.897 1303.083 1320.003 1342.2 1352.803 1357.72 1362.722 1365.232 1371.4 1378.02 1382.969 1391.86 1397.952 1410.1 1421.194 1429.995 1446.491 1457.987 1480.8 1503.228 1522.278 1556.772 1578.291 1613.9 1642.376 1664.33 1701.368 1723.48 1759.4 1787.852 1809.373 1844.42 1864.311 1894.3 1915.134 1929.315 1950.561 1962.074 1979.6 1991.984 2000.158 2011.988 2018.192
950.231 964.8711 990.3901 1004.731 1023.783 1032.071 1034.964 1037.751 1040.561 1051.793 1069.077 1085.622 1116.314 1134.562 1160.679 1175.844 1184.995 1198.814 1207.786 1226.906 1248.456 1267.591 1300.974 1319.605 1343.809 1355.029 1359.973 1364.529 1366.663 1372.394 1378.878 1383.727 1392.438 1398.403 1410.287 1421.111 1429.681 1445.756 1456.989 1479.363 1501.42 1520.168 1554.163 1575.41 1610.661 1638.959 1660.828 1697.785 1719.868 1755.74 1784.141 1805.626 1840.634 1860.525 1890.57 1911.502 1925.781 1947.237 1958.904 1976.727 1989.388 1997.793 2010.052 2016.539
929.7787 943.5831 967.3574 980.5482 997.7222 1004.293 1005.66 1005.955 1007.581 1017.905 1035.651 1053.078 1085.929 1105.703 1134.388 1151.585 1162.367 1179.128 1190.01 1212.581 1237.479 1259.513 1297.819 1319.103 1346.524 1358.93 1364.152 1368.458 1370.263 1375.633 1382.052 1386.821 1395.32 1401.101 1412.562 1422.926 1431.083 1446.374 1457.095 1478.585 1499.837 1517.901 1550.738 1571.351 1605.794 1633.737 1655.471 1692.346 1714.405 1750.162 1778.349 1799.636 1834.322 1854.07 1884.052 1905.122 1919.587 1941.468 1953.435 1971.79 1984.891 1993.649 2006.554 2013.474
900.4324 912.7534 933.5192 944.7878 958.9663 963.0555 962.3276 959.2665 959.2803 968.216 986.2405 1004.501 1039.622 1061.12 1092.95 1112.899 1125.999 1147.061 1160.763 1188.385 1218.093 1244.27 1289.644 1314.794 1347.103 1361.651 1367.718 1372.51 1374.345 1379.903 1386.674 1391.635 1400.27 1405.999 1417.103 1426.885 1434.442 1448.51 1458.413 1478.496 1498.478 1515.457 1546.441 1566.035 1599.164 1626.517 1648.014 1684.71 1706.696 1742.199 1769.969 1790.868 1824.916 1844.365 1874.147 1895.386 1910.124 1932.651 1945.074 1964.206 1977.925 1987.172 2000.969 2008.481
875.8464 886.666 904.4104 913.7584 924.9567 926.6711 923.9974 917.805 916.2407 923.508 941.168 959.5751 995.6268 1018.029 1051.819 1073.769 1088.668 1113.232 1129.3 1161.234 1195.101 1224.897 1276.529 1305.17 1342.078 1358.936 1366.169 1372.2 1374.557 1381.022 1388.632 1394.158 1403.535 1409.543 1420.746 1430.192 1437.272 1450.265 1459.436 1478.312 1497.275 1513.391 1542.904 1561.679 1593.716 1620.515 1641.737 1678.129 1699.965 1735.15 1762.536 1783.106 1816.626 1835.831 1865.442 1886.804 1901.753 1924.788 1937.571 1957.325 1971.55 1981.209 1995.751 2003.747
851.9775 861.0485 875.2672 882.3577 889.9999 888.8864 883.9202 873.9728 870.4109 875.2 891.664 909.4871 945.196 967.7899 1002.6 1026.039 1042.442 1070.174 1088.498 1124.7 1162.836 1196.421 1254.732 1287.185 1329.3 1349.057 1357.976 1366.186 1369.638 1377.9 1387.03 1393.649 1404.605 1411.333 1423.2 1432.545 1439.215 1451.134 1459.561 1477.3 1495.422 1510.852 1539.201 1557.313 1588.4 1614.605 1635.448 1671.306 1692.859 1727.6 1754.622 1774.922 1808.053 1827.092 1856.6 1878.064 1893.18 1916.624 1929.706 1950 1964.709 1974.779 1990.066 1998.525
834.4044 841.8832 852.9034 857.9364 862.2896 858.5461 851.4588 837.9911 832.4904 834.6602 849.5413 866.3568 900.8565 923.0771 957.9914 982.2036 999.5457 1029.483 1049.49 1089.049 1130.713 1167.505 1231.576 1267.373 1314.164 1336.678 1347.313 1357.921 1362.65 1372.992 1383.872 1391.792 1404.702 1412.363 1425.171 1434.532 1440.832 1451.712 1459.433 1476.187 1493.724 1508.721 1536.363 1554.062 1584.479 1610.142 1630.571 1665.767 1686.966 1721.241 1748.011 1768.177 1801.177 1820.186 1849.709 1871.249 1886.465 1910.146 1923.408 1944.052 1959.116 1969.504 1985.365 1994.164
810.2444 815.1463 821.0249 822.7546 821.8093 813.8447 803.3756 784.2748 775.6241 773.3761 785.3617 800.2036 832.0751 853.2723 887.7105 912.702 931.2056 964.1313 986.5376 1031.055 1078.094 1119.84 1192.897 1233.958 1288.2 1315.228 1328.756 1343.531 1350.524 1364.551 1378.534 1388.801 1405.271 1414.648 1429.196 1438.594 1444.224 1453.238 1459.709 1474.794 1491.458 1505.861 1532.574 1549.72 1579.162 1603.92 1623.607 1657.578 1678.123 1711.586 1738.011 1758.053 1791.029 1810.091 1839.734 1861.387 1876.724 1900.685 1914.163 1935.253 1950.809 1961.651 1978.325 1987.588
779.7205 781.0963 779.9352 777.1437 768.956 755.2914 740.299 713.6414 700.6963 692.1832 699.7199 711.3434 738.612 757.7981 790.716 816.2449 835.9872 872.4724 897.8578 948.6408 1002.54 1050.651 1135.352 1183.312 1247.506 1280.839 1298.579 1319.647 1330.119 1349.736 1368.307 1382.033 1403.775 1415.728 1433.016 1442.728 1447.623 1454.37 1459.299 1472.382 1488.096 1501.883 1527.64 1544.194 1572.498 1596.081 1614.755 1647.007 1666.623 1698.944 1724.908 1744.797 1777.77 1796.914 1826.708 1848.473 1863.932 1888.18 1901.893 1923.494 1939.655 1951.073 1968.778 1978.612
755.7773 754.4561 747.8634 741.5813 727.84 709.9045 691.5706 659.3173 643.1283 629.6544 633.3431 642.0178 664.8217 681.9125 712.928 738.5087 759.0136 797.9867 825.5065 880.7416 939.4318 991.981 1084.86 1137.743 1209.271 1247.589 1268.849 1295.404 1308.963 1333.42 1355.772 1372.294 1398.286 1412.36 1432.104 1442.491 1447.217 1452.935 1457.091 1469.209 1484.531 1498.057 1523.371 1539.616 1567.259 1590.086 1608.071 1639.111 1658.052 1689.512 1715.071 1734.765 1767.568 1786.675 1816.456 1838.247 1853.764 1878.193 1892.066 1914.029 1930.635 1942.488 1960.973 1971.237
732.9103 729.3293 718.0968 708.8273 690.4 669.0088 648.0372 611.3536 592.5156 574.7 574.6168 580.2115 598.0976 612.7485 641.3 666.5712 687.5837 728.5305 757.7563 816.4 878.5408 934.2404 1032.986 1089.505 1166.8 1209.522 1234.145 1266.227 1282.947 1312.2 1338.022 1357.017 1386.737 1402.732 1425 1436.626 1441.856 1447.889 1452.077 1464.3 1479.784 1493.372 1518.672 1534.833 1562.2 1584.626 1602.201 1632.453 1650.918 1681.7 1706.809 1726.177 1758.498 1777.372 1806.9 1828.622 1844.154 1868.717 1882.727 1905 1921.99 1934.224 1953.403 1964.051
716.2322 711.1978 696.9024 685.6585 664.2 640.7203 618.2236 578.968 558.509 537.7443 534.715 537.7429 551.3323 563.7584 589.9079 614.6804 635.9353 678.1211 708.4044 768.9659 832.7737 889.9291 991.4418 1049.799 1130.394 1176.159 1203.347 1239.884 1259.186 1292.203 1320.483 1341.123 1373.272 1390.568 1414.809 1427.834 1433.985 1441.327 1446.176 1459.315 1475.338 1489.205 1514.786 1531.036 1558.475 1580.884 1598.379 1628.397 1646.677 1677.101 1701.826 1720.83 1752.506 1771.032 1800.161 1821.754 1837.262 1861.895 1875.996 1898.47 1915.704 1928.19 1947.834 1958.742
694.0869 687.2033 668.9341 655.1286 629.8091 603.8406 579.616 537.4316 515.0135 490.3076 482.8967 481.9447 488.6838 497.4765 519.5615 543.3151 564.7571 608.4465 640.0062 702.6473 767.894 826.2048 930.013 990.093 1074.381 1124.254 1155.178 1198.443 1221.677 1260.271 1291.924 1314.709 1349.95 1368.951 1396.057 1411.502 1419.461 1429.656 1436.035 1451.255 1468.434 1482.917 1509.177 1525.7 1553.516 1576.176 1593.784 1623.829 1642.018 1672.095 1696.242 1714.625 1745.139 1763.013 1791.38 1812.71 1828.146 1852.834 1867.041 1889.747 1907.271 1920.065 1940.286 1951.518
667.5135 658.688 636.1149 619.5277 590.1088 561.7302 535.9603 491.1256 466.7566 437.576 424.6166 418.4384 415.959 419.7517 436.0352 458.0454 479.3886 524.3394 557.0298 621.2296 687.0132 745.5807 850.1564 911.2399 998.7736 1053.335 1088.863 1140.729 1169.048 1214.746 1250.485 1275.783 1314.628 1335.697 1366.596 1385.644 1396.501 1411.502 1420.533 1439.359 1458.542 1474.14 1501.728 1518.841 1547.517 1570.803 1588.774 1619.17 1637.388 1667.156 1690.539 1708.039 1736.839 1753.737 1780.946 1801.856 1817.15 1841.843 1856.148 1879.078 1896.899 1910.028 1930.888 1942.477
