DH_DATA/Shapefiles/Gridded Datasets/icethic.asc
ncols         220
nrows         220
xllcorner     330000
yllcorner     -1110000
cellsize      1000
NODATA_value  -9999
[rows 0 to 27 of 220, columns 0 to 63 of 220]
529.0183 526.2065 523.008 521.5156 520.1733 515.8011 506.9105 490.3488 470.6616 435.4688 384.3956 344.1898 310.1808 289.7591 266.1987 240.1936 220.0218 198.524 179.7515 151.5215 116.9857 95.06672 82.76394 82.399 92.07156 112.4086 128.2719 137.5488 138.5101 134.9742 127.4529 122.9771 123.4465 129.0907 142.3868 161.7844 173.8944 177.9704 173.4787 159.5169 136.267 119.1096 108.6392 106.9067 110.1364 118.0645 123.1759 123.332 117.6362 103.5056 83.59078 74.84245 73.54317 86.98952 103.1286 138.1859 162.2603 203.7968 238.3351 266.2903 316.0867 347.5004 401.6544 448.4635
542.89 541.0547 539.224 539.2459 540.6177 539.9596 533.6085 518.5896 499.2362 463.7012 411.4078 370.0018 334.9576 313.981 289.7978 262.8768 241.5807 218.36 197.7146 166.2812 127.218 101.7893 86.54794 84.37066 91.8535 109.8547 124.2023 132.3056 132.591 128.3979 120.5246 116.2097 117.2929 123.8424 138.9738 161.166 175.4708 181.3128 177.8678 165.1857 143.2567 126.8526 116.7944 115.1195 118.1225 125.3634 129.6746 128.872 122.2977 106.7141 84.73946 74.73695 71.5184 83.56047 98.64861 132.0362 155.2007 195.4577 229.2549 256.8006 306.0773 337.2134 390.8368 437.0655
547.8656 546.8312 546.2 547.5724 551.3727 554.1128 550.2096 536.9 518.258 483.189 430.904 389.22 353.8 332.5126 307.7939 279.916 257.544 232.9 210.8745 177.1882 134.9296 106.8871 89.19995 85.22559 90.18496 105.1288 117.3696 123.9 123.3991 118.5539 110.3977 106.1913 107.6001 114.5845 130.6257 154.2992 169.9024 177 174.5532 163.4124 143.4192 128.2864 119 117.4951 120.3029 126.8552 130.4624 129 121.9961 105.8291 83.01601 72.40314 67.90002 78.51124 92.29688 123.3665 145.211 183.7001 216.5729 243.6165 292.2856 323.1203 376.2 421.8399
543.9402 543.3284 543.429 545.6602 551.0274 556.0396 553.8893 541.9946 524.2037 490.1763 438.944 397.8167 362.6234 341.2359 316.0465 287.2111 263.9273 238.3749 215.7071 181.1489 137.673 108.4663 89.36666 84.02704 86.73785 98.6717 108.7688 113.7671 112.6184 107.3853 99.23199 95.17876 96.66171 103.5902 119.5158 143.1459 158.9401 166.5582 164.8615 155.1883 137.3017 123.6561 115.3114 114.0404 116.7115 122.7002 125.8267 124.1098 117.1772 101.3483 78.999 68.49985 63.57529 73.03694 85.56397 114.2147 134.6539 171.3474 203.3989 230.0394 278.293 308.95 361.6913 406.9097
530.4127 530.0288 530.8547 534.0821 541.3649 549.2965 549.5388 539.7645 523.4766 491.5898 442.8653 403.274 368.8997 347.4986 321.5676 291.1383 266.4754 239.8334 216.6922 181.7918 137.8872 107.9332 87.36819 80.16917 79.47433 86.60963 93.25585 95.87794 93.86502 88.33884 80.59871 76.97816 78.52118 85.07402 100.1488 122.6802 138.0246 145.9807 145.326 137.9671 123.5834 112.4686 105.7382 104.8708 107.3362 112.4613 114.9225 113.0168 106.4891 91.75296 70.92461 61.0298 55.89272 63.59351 74.04317 98.5926 116.6289 150.2834 180.9763 206.9501 254.5326 284.9237 337.1997 381.8528
505.7031 505.3074 506.84 511.2122 520.7847 532.3397 535.6864 528.8408 514.8052 486.3116 441.7792 404.9155 372.1913 351.0746 324.4661 292.2523 266.0715 238.4176 215.1107 180.5326 137.1012 106.8868 84.87517 75.38688 70.22047 70.86274 72.78529 72.16317 68.9961 63.10614 55.92836 52.8161 54.24801 60.02862 73.44728 93.76187 107.9608 115.9921 116.5832 112.2372 102.5571 94.8848 90.36076 90.05143 92.26966 96.30651 97.97859 95.98309 90.19461 77.28834 59.00517 50.1887 45.04245 50.41433 58.02662 76.89097 91.55934 120.8873 149.5131 174.3605 220.6397 250.4655 301.908 345.7733
484.4869 484.0547 486.168 491.4964 502.9677 517.5316 523.4744 519.1096 506.9858 481.3551 440.4001 405.9594 374.8784 354.3256 327.7497 294.8966 268.0721 240.0232 216.7605 182.5472 139.5129 109.0916 85.98238 74.77532 66.24187 61.95869 60.24432 57.03436 52.82181 46.33265 39.11139 36.03322 37.11998 42.19781 54.27436 72.85896 86.1508 94.16018 95.59465 93.36118 87.01888 81.80251 78.85755 78.95647 81.02659 84.3339 85.47951 83.44626 78.2056 66.64278 50.21183 42.1657 36.95285 40.56629 46.06361 60.66941 72.77304 98.65844 125.3831 149.0207 193.6469 222.6724 273.0479 316.1519
466.2424 465.9368 468.8 475.2273 488.7916 506.5784 515.2368 513.4 503.1177 480.1034 442.372 410.208 380.9 361.2938 335.5949 303.356 276.756 248.8 225.5925 191.4011 148.0792 116.9744 92.59998 79.84958 68.4753 60.09676 55.28955 49.69995 44.27724 36.63921 28.46473 24.78154 25.19995 29.63914 40.76432 58.29612 71.11217 79.2002 81.24602 80.5105 76.51926 73.0304 71.19995 71.60101 73.604 76.43906 77.21425 75.09985 70.16401 59.4004 44.03677 36.3672 30.80005 32.93206 36.76099 48.02005 58.04848 80.90002 105.5456 127.6331 169.8512 197.6234 246.4 288.5672
455.8084 455.7037 459.2606 466.6429 481.9713 502.4044 513.2321 513.3432 504.3721 483.0759 447.4063 416.7903 388.9109 370.3558 346.0787 315.4393 289.7945 262.3434 239.1792 204.6832 160.5052 128.4281 102.9084 89.11073 75.99878 65.18024 58.44993 51.17907 44.63888 35.55537 25.74337 20.97042 20.57023 24.59942 35.41429 52.86153 65.78632 74.08096 76.40398 76.26775 73.17816 70.34483 68.9445 69.48603 71.52401 74.24475 74.8772 72.64128 67.68517 56.97428 41.61737 33.82033 27.6412 28.84581 31.77498 41.26087 50.12475 70.99268 93.86147 114.4383 154.1048 180.4941 227.5434 268.8297
444.1313 444.3147 448.8811 457.6606 475.547 499.7834 513.6946 516.5313 509.311 490.183 457.0826 428.5182 402.7841 386.0756 364.6024 337.4155 313.9689 287.7512 264.7387 229.643 183.8266 150.0748 122.8654 107.7675 92.6677 79.10036 70.08508 60.56422 52.23984 40.51733 27.43357 20.45041 18.54478 22.04272 32.79285 50.78559 64.29441 72.99005 75.48816 75.61752 72.86706 70.27222 69.047 69.69925 71.88987 74.72836 75.32629 72.87897 67.65121 56.46906 40.32449 31.93653 24.55289 24.64832 26.67663 34.42813 42.05574 60.42714 80.55972 98.63823 133.9218 157.8966 201.9638 241.8444
429.4082 430.0261 435.9512 446.5671 467.7729 496.9157 514.8013 521.1616 516.1848 499.7835 469.9293 444.0608 421.3136 407.3289 390.1473 368.3929 348.4872 324.3304 301.6477 265.7408 217.6087 181.5773 152.2544 135.7181 118.5632 102.1848 90.70778 78.51917 67.83947 52.40575 34.53626 24.27504 20.17434 22.96644 33.76115 52.70387 67.09012 76.23607 78.72353 78.68262 75.60068 72.76031 71.40882 72.11993 74.56561 77.76173 78.46445 75.77204 70.08544 58.02384 40.47155 31.13945 22.13363 21.07808 22.31712 28.55722 34.97515 50.46077 66.94708 81.55263 110.6191 131.1439 170.9872 208.9501
414.3059 415.3669 422.4224 434.4852 458.2623 491.2015 512.2003 521.3952 518.3012 504.2791 477.3304 453.8549 433.6712 421.9385 408.2359 390.851 373.812 351.3888 329.0724 292.6838 242.9453 205.3063 174.5168 157.0075 138.4668 120.1781 107.0004 92.93039 80.56777 62.46892 41.12683 28.43895 22.63674 24.77308 35.32651 54.55917 69.28151 78.52802 80.89526 80.62413 77.22015 74.16245 72.68964 73.42196 76.03117 79.48774 80.30385 77.51611 71.6044 59.1096 40.83545 30.99186 21.03523 19.27398 20.02674 25.27478 30.84362 44.20555 57.90948 69.82729 94.05597 111.8957 148.4784 184.9618
393.3848 395.0056 403.2 416.6062 442.7184 479.1168 503.0256 515 513.9058 502.6032 479.084 458.328 440.8 431.153 420.4517 406.684 392.008 371.1 349.2326 312.7032 261.9864 223.2568 191.4 173.1008 153.3273 133.2864 118.6048 103 89.40137 69.47086 45.78397 31.38396 24.19995 25.54828 35.27882 53.77518 68.07839 77 79.2117 78.90038 75.61043 72.68484 71.30005 72.06411 74.71911 78.24092 79.11774 76.40015 70.6005 58.35963 40.38328 30.60787 20.40002 18.148 18.43299 22.60797 27.29996 38.69995 50.02156 59.66174 79.81921 95.41409 129.3 164.5153
371.428 373.6368 382.7759 397.1776 424.9597 463.8309 489.8834 504.0215 504.6169 495.7651 475.4113 457.082 441.7205 433.5591 424.7757 413.1593 399.8815 379.9727 358.5492 322.255 271.3898 232.3013 199.9733 181.202 160.5531 139.2025 123.4559 106.9089 92.71473 72.06456 47.518 32.39311 24.38982 24.98232 33.51668 50.48282 63.76593 72.05512 74.13772 74.02675 71.3075 68.85343 67.73898 68.50902 71.01556 74.28532 75.06753 72.49291 67.06648 55.64083 38.83442 29.64974 19.89488 17.45634 17.39176 20.65704 24.64672 34.69367 44.57122 52.85936 70.63463 84.93389 117.2989 151.764
334.4268 337.6685 348.2499 364.0443 394.0846 436.2841 465.2832 482.5129 485.6453 480.5966 465.2179 450.6511 438.5081 432.3863 426.0406 417.0081 405.4174 386.8503 366.1935 330.6013 280.1415 241.0372 208.4241 189.1675 167.4411 144.3931 127.3042 109.6918 94.99191 73.94469 49.00684 33.35783 24.38049 23.73969 30.02515 43.88761 55.04212 62.04073 63.8987 64.23854 62.71262 61.21786 60.62312 61.34346 63.40856 65.96607 66.43369 64.11224 59.46684 49.75974 35.48792 27.65572 19.19861 16.75828 16.29508 18.35832 21.42467 29.83322 38.10147 44.89282 60.05438 72.9521 103.728 137.3873
283.8138 288.4305 300.8016 318.2282 350.85 396.8622 429.3229 450.3296 456.6989 456.6357 447.8581 438.2551 430.2496 426.6178 423.0899 416.912 407.1919 390.2352 370.629 336.1649 286.6529 247.9152 215.3016 195.6749 172.9104 148.14 129.7241 111.1768 96.2281 75.32521 50.71615 34.91429 24.9392 22.65935 25.71078 34.93548 42.84838 47.86169 49.32973 50.2106 50.2679 50.07352 50.19435 50.85404 52.33178 53.96954 54.09757 52.27289 48.86255 41.79616 31.41431 25.69245 19.40883 17.22495 16.38776 17.09275 19.09224 25.67523 32.21419 37.38605 49.72261 61.11847 90.24236 123.0196
246.8145 252.3242 265.8512 284.3109 318.5518 366.9912 401.7294 425.3232 433.9962 437.5611 433.6507 427.7195 422.7552 420.9341 419.4448 415.3217 406.9466 391.1544 372.2986 338.6144 289.7551 251.3104 218.8112 199.0817 175.8769 150.3262 131.3251 112.4257 97.51485 77.01166 52.97733 37.27416 26.70242 23.26308 23.93333 29.66539 35.08725 38.51533 39.5626 40.58302 41.45723 42.01137 42.59272 43.28666 44.57445 45.95126 46.15955 44.94565 42.55991 37.54724 30.12265 26.00191 21.40963 19.51814 18.49496 18.33865 19.61191 24.87445 30.06023 33.92954 43.95947 54.11663 81.86474 113.8745
219.1232 225.0984 239.3 258.3854 293.6238 343.6304 379.9288 405.4 415.8217 422.2099 422.1592 419.1824 416.7 416.4099 416.7388 414.5304 407.4008 392.6 374.2694 340.9684 292.2608 253.8336 221.4 201.7431 178.5721 153.0192 134.0305 115.2001 100.4761 80.42236 56.93524 41.36642 30.40002 26.14028 25.09639 28.26171 31.78734 33.90015 34.41078 35.06535 35.89199 36.60394 37.3999 38.27422 39.89499 41.87597 42.752 42.40002 40.91985 37.50602 32.25043 29.27737 25.90002 24.27203 23.17573 22.45607 23.16726 27.20007 30.88565 33.2612 40.58718 49.26167 75.29993 106.3431
206.3904 212.3525 226.6623 245.8874 281.3719 331.8589 368.7466 395.0481 406.3227 414.1528 416.1521 414.8036 413.7528 414.4342 416.056 415.326 409.1532 395.0056 376.874 343.4707 294.3479 255.6212 223.1507 203.6952 180.976 156.1295 137.6865 119.2668 104.7862 85.05867 61.87325 46.36661 35.21926 30.60073 28.80348 30.79229 33.36837 34.68377 34.65005 34.52471 34.48489 34.75978 35.49686 36.66041 39.05676 42.36374 44.35164 44.94883 44.09728 41.55637 37.32228 34.8581 32.03469 30.61641 29.58846 28.73364 29.17051 32.33776 34.72303 35.76178 40.60682 47.88062 72.20293 102.1986
197.0885 202.6668 216.7018 235.7489 270.9903 321.324 358.3479 385.1392 397.0865 406.1775 410.1045 410.3768 410.8364 412.6577 415.9639 417.2875 412.4419 399.097 381.0408 347.1028 296.8839 257.4527 224.8882 205.9104 184.3378 161.3161 144.2756 126.8783 112.9025 93.70448 70.9275 55.52502 44.26639 39.39692 37.04012 38.05653 39.71301 40.05109 39.08198 37.31395 35.17966 34.26134 34.69199 36.42863 40.4744 46.5794 50.7997 53.09499 53.1255 51.55898 48.25537 46.21567 43.91199 42.87338 42.11732 41.44819 41.70233 43.81152 44.30237 43.34406 44.41087 49.50417 71.0381 99.20427
192.258 197.0057 210.2648 228.6905 262.9963 312.2604 348.7438 375.484 387.7974 397.8224 403.3821 405.1153 406.98 409.9272 415.0095 418.5714 415.164 402.6176 384.4875 349.6384 297.8012 257.4084 224.8152 206.6596 187.013 167.0451 152.3686 136.7352 123.6479 105.3761 83.37752 68.32555 57.20318 52.30707 49.73097 50.14198 51.01803 50.28484 48.0382 43.81183 38.3852 35.51884 35.3768 37.94078 44.44835 54.71963 62.19553 66.83437 67.90984 67.27266 64.61643 62.81423 60.87754 60.34314 60.04659 59.89331 60.08422 61.02807 59.13505 55.61889 51.81318 54.08871 72.03122 97.86332
189.031 193.0401 205.5416 223.3121 256.6124 304.6636 340.4342 366.888 379.3504 389.9735 396.667 399.3939 402.132 405.6986 411.7075 416.3973 413.7009 401.5472 383.3417 347.9142 295.1245 254.2526 221.8464 204.4323 186.3902 168.9235 156.216 142.1424 129.944 112.7219 91.78392 77.34985 66.61436 61.85859 59.28751 59.40054 59.78478 58.3256 55.16837 49.13998 41.26385 36.92849 36.32964 39.47941 47.7661 61.05027 70.86135 77.14076 78.89501 78.78414 76.38737 74.64046 72.83112 72.61006 72.62872 72.85142 73.01213 73.15205 69.54929 64.18328 56.88502 57.18871 72.77845 97.26743
182.104 185.492 197.3 214.4183 246.7051 293.5328 328.5976 354.8 367.493 378.9063 386.9792 390.7904 394.3 398.1981 404.4893 409.3624 406.7528 394.7 376.5097 340.944 287.9864 247.2088 215.3 198.6161 181.9412 166.5296 155.4952 142.9 131.724 115.9126 96.62318 83.25036 73.19995 68.66776 66.08109 65.79356 65.65916 63.59998 59.80725 52.55755 43.03923 37.71844 36.80005 40.32146 49.76442 65.01679 76.35357 83.69995 85.89455 86.12919 83.89911 82.17646 80.3999 80.31112 80.46675 80.79839 80.84767 80.30005 75.34966 68.52677 58.56328 57.46258 71.70007 95.81126
172.0764 175.0648 186.378 202.9867 234.4833 280.3789 314.9446 341.047 354.0637 366.3921 375.9402 380.8098 384.9258 388.8659 394.8262 399.0044 395.9088 383.6946 365.628 330.4002 278.0846 237.9455 206.7412 190.6332 174.8207 160.6148 150.6262 139.1302 128.8981 114.5588 97.15039 85.0535 75.84292 71.57785 68.9755 68.29356 67.73682 65.33195 61.30186 53.64021 43.58881 37.94427 36.89763 40.50391 50.26052 66.06223 77.82127 85.44753 87.74589 88.05288 85.82618 84.06924 82.19327 82.01962 82.10715 82.25864 82.12786 81.09718 75.35589 67.68883 56.27903 54.52823 68.52028 93.1517
153.817 156.2369 166.7963 182.5946 212.8434 257.2755 291.0641 317.0205 330.5827 344.4502 356.4342 362.9755 367.9066 371.6426 376.5108 378.7757 374.3778 361.6568 343.863 309.553 258.9336 220.295 190.4556 175.226 160.5319 147.7855 139.1401 129.2562 120.5794 108.787 94.74683 84.99275 77.36837 73.65327 71.14604 69.97234 68.89332 66.17127 62.05948 54.30197 44.14069 38.40662 37.26046 40.78931 50.44632 66.11437 77.74619 85.21562 87.37914 87.4919 84.98909 83.04335 80.80443 80.30488 80.13187 79.80199 79.34501 77.69052 71.05866 62.45207 49.55481 47.28624 61.6853 87.84459
130.7513 132.4799 142.0424 156.7259 185.2348 227.572 260.1707 285.7448 299.8724 315.5483 330.4268 338.8712 344.5216 347.6394 350.4773 349.443 342.8166 329.1392 311.6956 278.8073 230.8631 194.5314 166.6568 152.5595 139.1782 128.0679 120.9979 113.1664 106.5893 98.31218 88.99157 82.55908 77.21758 74.33086 72.05846 70.36452 68.72443 65.76244 61.75445 54.26027 44.46267 38.90311 37.69992 40.98403 50.10303 64.90885 75.82952 82.68475 84.46769 84.11327 81.05676 78.77653 75.94314 74.90398 74.29581 73.23453 72.36358 70.11681 62.73624 53.33182 39.34474 36.94572 52.74725 81.65858
118.7064 119.9635 128.7688 142.573 169.6605 210.1863 241.6251 266.5776 280.8045 297.2907 313.5804 322.8736 328.5912 330.9719 331.9834 328.1712 319.6729 305.0984 287.7994 255.8552 209.8057 175.1345 148.6696 135.3818 122.9525 113.0441 107.1324 100.8008 95.75007 90.02386 84.12962 80.11592 76.45119 74.19217 72.13923 70.13898 68.14615 65.05286 61.14414 53.86767 44.35912 38.94001 37.70387 40.81103 49.53171 63.69548 74.08847 80.49356 81.99916 81.30202 77.84575 75.33307 72.11036 70.71547 69.81306 68.28648 67.19394 64.75761 57.15715 47.48299 33.29242 31.16412 48.55444 79.9091
118.2248 119.1416 127.3 140.3194 166.0612 204.724 234.788 258.7 272.4813 288.7284 304.9288 314.0056 319.1 320.5703 319.869 313.6784 303.5768 288.1 270.6984 239.1594 194.1736 160.5272 135 122.3258 110.7345 101.9712 97.1104 92 88.092 84.21657 80.76559 78.46719 76 74.2062 72.34647 70.16806 67.92808 64.70007 60.77298 53.45433 43.87513 38.39428 37.09985 40.16878 48.8422 62.94312 73.27435 79.59998 81.02725 80.20203 76.57118 73.95857 70.59998 69.07838 68.05544 66.36879 65.2539 63 55.59441 46.03788 32.28482 30.72659 49.90002 83.52882
