DH_DATA/Shapefiles/Gridded Datasets/icethic.asc
ncols         220
nrows         220
xllcorner     330000
yllcorner     -1110000
cellsize      1000
NODATA_value  -9999
[rows 140 to 167 of 220, columns 0 to 63 of 220]
500.9374 506.9171 511.4041 513.9186 516.8407 519.1448 519.3403 517.5649 514.7642 509.3095 500.2439 491.6423 482.2404 472.9993 456.6747 435.7909 423.863 420.7714 426.0037 440.9637 467.2442 489.7825 509.6219 523.8506 545.116 570.6062 585.9843 593.2245 591.8876 582.744 563.7704 546.2708 534.199 505.2912 439.49 386.1742 326.8211 274.1725 234.8873 215.2457 208.7521 180.6678 226.0878 227.0569 312.9494 387.0633 480.0223 577.7563 717.9099 770.4037 828.7211 871.9764 868.5342 863.5425 752.9278 521.1674 337.5149 151.1856 36.83351 10.20654 1.071673 0 0 0
500.7239 507.3999 512.1043 514.4224 516.7797 517.9876 517.0776 514.0682 510.1417 502.813 491.2303 480.8437 470.187 460.0974 442.4269 420.4849 409.0491 408.3855 417.7409 441.2995 479.8236 510.3298 533.8255 546.8843 562.5664 577.8859 585.4119 587.5755 584.6984 575.1213 557.149 540.766 527.219 495.6423 435.3948 384.5613 330.7629 282.0707 245.3531 225.2411 216.7849 248.1101 249.2108 188.2675 220.9818 384.2937 526.6348 647.7383 734.5551 780.2585 826.8973 826.2204 809.5809 736.632 495.1408 344.8129 219.7994 79.22838 28.80104 0.5540118 0 0 0 0
499.1558 506.0201 510.4 512.069 513.1687 512.3599 509.642 504.795 499.3492 489.6543 475.0245 462.5254 450.398 439.3329 420.1589 397.1194 386.3918 388.7 403.0341 436.9756 490.2081 530.1481 557.7 568.8674 576.8798 578.6232 575.8104 571.4 566.6558 556.8424 540.776 526.448 514.4894 485.8243 429.1935 382.2391 334.2682 288.8864 258.023 239.9024 224.2656 276.2347 250.2177 172.6839 181.4515 391.345 597.1403 690.2034 754.5052 794.4794 800.6215 786.595 720.3138 566.0782 414.0787 292.3736 134.7653 51.6615 15.54993 3.600965 3.264704 4.099435 2.334404 1.84578
497.0217 502.9166 506.2283 506.9726 506.6194 503.8568 499.6524 493.5532 487.3215 476.6761 461.0497 447.9367 435.3855 424.0349 404.4605 381.2195 370.8567 374.2525 390.3911 428.1483 486.6519 529.6811 557.9609 567.402 570.5993 564.5581 556.0754 548.2423 542.7391 533.3621 519.3491 511.4837 494.644 454.446 420.225 378.5313 336.0743 297.8813 272.3933 249.3317 231.1098 276.0203 194.42 128.6841 215.3505 509.2263 630.7403 693.6614 758.6168 764.4696 771.4169 761.1097 638.9637 487.0907 386.1029 181.8415 74.10703 47.59218 26.13856 19.43658 1.412666 6.33325 4.309717 2.610936
495.1537 499.8361 501.9749 501.8111 500.0927 495.596 490.1739 483.1775 476.5291 465.5825 449.8623 436.7911 424.2883 412.9656 393.4729 370.432 360.3299 364.0956 380.8001 419.7914 479.8472 523.4663 551.1703 558.9727 558.5344 547.0565 534.7586 524.6943 518.7792 509.9312 497.7539 482.1633 468.3173 439.0517 408.8313 372.7851 334.751 302.8717 277.9109 249.9821 226.1854 220.14 131.7522 98.56861 337.9102 608.5907 655.0268 711.1448 727.8885 738.632 754.8691 722.2451 622.373 533.363 343.1197 120.0792 93.13822 58.03901 13.87816 6.925075 11.75299 7.308637 4.915373 4.067343
491.0299 493.1245 492.8936 491.0053 486.7852 479.2269 471.7461 463.3394 456.1694 445.1034 429.8302 417.308 405.2705 394.2981 375.4659 353.3108 343.7482 347.7099 364.4732 403.6179 463.4623 506.1361 531.8016 536.8047 530.9247 511.7683 494.2473 481.2181 474.8616 467.0224 457.9073 450.869 444.2745 428.6961 396.862 366.4022 334.2094 306.0949 280.4709 254.749 230.9466 234.1856 266.9946 175.6596 485.1851 625.0605 666.5444 699.3046 705.0803 726.8164 734.4442 693.2568 614.1965 523.2253 285.532 150.187 116.2756 58.95695 35.43933 32.45248 11.16061 8.104405 6.641025 5.598411
487.6732 488.0721 486.3317 483.3909 477.6985 468.3871 459.7458 450.5463 443.0814 431.9526 416.9567 404.789 393.089 382.423 364.1895 342.8331 333.7286 337.7915 354.3979 393.1507 452.1653 493.8635 518.2407 521.8459 513.4371 490.8427 471.0355 456.7427 450.2382 442.9391 435.3544 429.9386 421.9601 411.0294 394.429 361.8998 335.4655 309.2144 283.7574 263.7849 248.462 257.8873 297.9308 302.5823 532.9468 613.362 665.275 686.4501 699.0808 718.7939 734.2986 686.9677 606.235 482.7662 246.863 118.5241 81.65277 42.41691 17.52699 15.81628 9.263633 7.571466 7.137859 6.712812
480.065 477.7873 473.702 469.1917 461.417 449.6924 439.4221 428.995 420.9001 409.2468 394.0327 381.9807 370.601 360.4365 343.3171 323.6108 315.635 320.303 336.9946 375.5842 433.9673 474.833 498.1 500.4807 489.8042 464.0967 442.2201 426.804 420.1883 413.4026 407.2495 403.3741 399.704 396.2999 385.0232 362.5573 340.1068 319.6879 303.3031 282.8882 276.4904 292.2519 335.9448 397.2736 590.5244 668.5635 682.484 681.7208 681.3209 697.1115 697.6096 637.9395 576.3266 457.0958 197.1587 46.13945 23.13923 6.692453 0 10.56544 7.947912 7.569132 7.938493 9.029099
471.8291 467.3939 461.4747 455.843 446.7651 433.6269 422.3168 410.8587 401.9093 389.0114 372.3652 359.5197 347.885 338.0076 321.8263 303.7886 297.2015 303.0009 320.3499 359.7467 419.0437 460.5785 484.472 487.3181 477.2596 452.2408 430.7783 415.593 408.9888 402.022 395.4606 391.2287 387.2784 385.0747 381.0873 369.1754 349.2645 335.7152 324.3764 313.6097 311.0728 327.7147 371.3861 433.9342 514.2549 665.3837 671.763 674.0672 678.832 693.2704 674.5533 618.7624 559.3748 429.9796 162.248 55.18166 15.74167 0 11.15745 6.367353 5.690625 7.019851 9.214272 11.74063
464.5369 458.3146 450.9158 444.4409 434.4881 420.4713 408.4697 396.1873 386.4167 372.1876 353.8776 340.0306 327.9799 318.2946 302.9125 286.3836 281.0963 287.9982 305.9931 346.1645 406.4152 448.8094 473.7444 477.6292 469.306 446.5508 426.5691 412.2104 405.6908 398.3031 390.6577 385.3724 380.4344 377.243 374.0639 373.7111 363.4841 354.5063 350.4106 351.2849 352.8518 365.8955 411.3839 472.6212 559.0565 665.6986 663.6552 667.8702 677.4523 685.2969 636.6431 566.3902 507.3005 338.4455 95.38335 50.62199 7.53622 0 5.284607 3.489814 4.977882 7.847818 11.40961 14.79622
450.7962 441.6237 431.8253 424.0388 412.8257 397.6427 384.7096 371.2073 360.1189 343.6758 322.5595 307.039 294.3584 285.1176 271.3206 257.6589 254.7595 263.5866 282.5443 323.6217 384.9129 428.5122 455.3801 461.5755 457.4159 440.3336 424.1625 411.9878 405.7843 397.5601 387.5459 379.9126 372.7621 367.4379 380.5861 381.3576 375.3202 374.104 375.0133 379.435 385.7325 404.3771 439.6736 491.8591 556.8901 641.5961 644.5496 649.9301 646.9611 610.2201 541.0225 498.4949 457.9891 215.0942 68.38148 40.01318 2.665854 9.871824 3.863374 3.502803 6.151094 9.776094 13.7421 17.56786
441.8953 431.1619 420.1095 411.6457 399.7968 384.0666 370.7362 356.7326 345.1009 327.7518 305.531 289.4271 276.677 267.87 255.2146 243.4096 241.9271 251.7439 270.9885 311.9897 372.9929 416.6789 444.3344 451.86 450.3286 437.0045 423.438 412.8167 406.9243 398.3417 387.0747 378.1749 369.8602 378.9132 385.8759 392.4376 388.2325 391.2288 396.0204 401.4444 410.4098 430.4575 461.1071 498.9353 568.2555 608.3063 601.5307 572.8227 560.7083 536.101 493.9852 462.5779 339.2734 120.8292 58.41961 21.33943 0 7.340918 3.282847 4.382156 7.622855 11.45416 15.79985 19.96574
426.5484 413.9414 401.396 392.0916 379.3867 362.9471 349.2811 335.098 323.4005 306.071 284.1556 268.615 256.795 249.1725 238.8139 230.1817 230.7411 241.503 260.3023 299.3779 357.2321 399.0175 426.4 435.2533 437.0722 429.0555 419.3999 411.298 406.1594 397.6611 385.5832 385.1973 382.0368 383.9023 390.4434 393.9649 399.312 404.9047 409.4017 417.391 431.085 449.1482 473.0884 498.5366 573.2526 574.0416 547.2238 532.0553 534.9898 499.0304 447.2677 375.5339 249.1248 96.79562 33.19276 4.650358 13.11167 5.224528 3.548479 5.733759 9.162908 13.2963 17.67957 21.69345
413.9256 400.704 387.6146 377.8553 364.4482 347.3019 333.4889 319.7805 308.9897 293.5129 274.4963 261.3487 251.639 245.6347 237.8152 232.1191 234.1 244.8034 262.0182 297.0665 348.6852 386.1473 411.2431 420.1307 423.6022 419.0705 412.3304 406.3612 402.1659 394.5565 392.1984 389.1279 387.4426 389.9887 394.4003 400.1409 406.9614 414.2912 421.2083 431.9009 446.4579 461.6804 479.4937 522.1453 547.625 535.4254 520.777 499.7986 485.2283 444.4511 395.0657 299.8502 210.2961 63.36589 18.74719 0.08540256 10.20706 4.903331 4.940303 7.663759 10.9489 15.05006 19.3491 23.26547
404.0708 390.8066 377.6052 367.5881 353.6122 335.8232 321.9238 308.8409 299.1714 285.9375 270.341 259.9155 252.4646 248.0407 242.5617 239.4027 242.4403 252.7473 268.1497 298.8609 343.8344 376.6155 399.0292 407.5869 412.1201 410.3166 406.0023 401.8955 400.8947 397.0403 393.7783 390.6491 388.9669 391.7438 396.24 402.8425 409.713 418.1353 430.173 442.3401 455.2947 467.6946 476.9539 520.1061 514.2465 497.3333 462.1763 450.7833 425.3823 383.3001 324.3647 252.5578 180.3839 112.206 61.08335 27.51176 12.96096 8.614895 8.392616 10.55325 13.44915 16.96208 20.59301 26.27044
386.7916 373.8891 360.9028 350.7118 336.0839 317.6025 303.9382 292.4064 285.1382 276.5474 267.874 262.8448 259.742 258.2033 256.8188 257.8868 262.476 271.7149 283.5765 306.0467 338.4607 362.3334 379.47 387.0891 393.0265 395.5329 395.226 399.4956 397.7361 396.321 389.226 387.6603 387.8553 390.2113 394.3185 400.9005 409.7157 421.8713 434.5491 447.9633 458.631 463.6727 507.7467 493.5708 467.7516 431.9142 445.1392 423.3198 393.6585 351.4779 296.7717 230.8835 165.1602 108.655 66.01738 35.94952 23.01963 17.28853 15.08889 14.92004 16.74251 19.28734 23.29903 27.03662
375.8476 363.2216 350.516 340.4272 325.7931 307.4498 294.3376 284.0388 278.3616 272.7035 268.2846 266.5104 265.9793 266.0763 266.9142 270.166 275.4547 283.9531 293.7462 311.4864 336.7202 355.4826 369.5377 376.5194 383.0651 389.0046 392.1088 393.5684 393.2734 387.1754 385.0848 383.4817 383.5966 384.988 389.6133 397.9272 409.1924 421.7006 433.5874 445.3629 451.2073 493.6849 477.5842 450.4964 413.9556 432.1038 419.834 399.1067 369.9515 332.9237 282.4888 223.185 168.9503 120.7655 82.27856 57.08347 42.34503 32.38667 26.14315 22.93267 21.63277 21.95728 24.78379 27.14609
356.5213 344.0605 331.9 322.4302 308.8357 292.2882 281.1419 273.397 270.2883 268.9825 270.576 273.2726 276.203 278.3828 281.8434 287.4551 293.3158 300.7 307.8637 319.6974 336.0107 348.4177 358.599 364.7076 371.8476 378.6288 383.1649 383.971 383.3953 381.5036 378.9225 376.5656 375.7396 378.0918 384.3535 394.4721 406.2822 417.3354 428.0994 465.0931 472.5279 465.7838 431.9919 401.4715 418.6704 410.5055 399.5081 382.0822 357.6652 324.3082 278.6857 230.0061 183.9374 142.8318 108.7619 84.32668 66.68616 52.87848 42.05382 34.40395 29.49011 22.93124 26.05398 28.10443
339.0117 326.1574 314.4519 306.0375 294.6346 281.6096 273.4932 268.5984 267.6228 269.4487 274.9434 280.3382 285.2245 288.3607 292.6397 298.5493 304.0757 310.6234 316.5786 325.897 338.5021 348.262 356.7648 362.3758 369.489 373.5418 377.8935 379.1316 377.8911 375.4744 371.4941 368.7658 368.2455 372.8681 379.7219 390.0328 400.4338 409.4126 442.3524 444.8817 442.1337 410.3688 383.6603 406.6449 400.4055 394.8163 387.9472 376.1428 355.7712 324.892 288.2558 250.2583 209.2672 173.6227 143.4736 117.7522 96.00658 77.82943 62.02596 49.20254 39.04206 26.71329 27.61134 24.72678
324.5626 311.2049 299.9054 292.5968 283.5521 274.2648 269.224 266.9949 267.8057 272.0702 280.4078 287.6552 293.7909 297.3799 301.721 307.1016 311.9485 317.7922 323.1336 331.353 342.4222 351.0736 358.7969 364.047 370.8379 371.9976 375.1996 375.2123 373.3541 370.1349 364.8282 362.6621 364.1454 368.8114 374.7602 384.0424 391.5773 421.4219 419.1295 412.6177 386.2475 367.4217 394.2396 390.3275 388.0874 387.419 383.364 373.2069 355.7058 330.9193 300.7518 268.3914 235.8631 205.1924 177.1158 150.9651 126.8394 104.1915 83.49911 65.41301 42.25567 33.49075 30.40479 25.49247
304.8157 290.7774 280.1471 274.5555 269.1535 265.5685 265.119 266.7169 269.9366 277.3274 289.1315 298.5362 306.0478 309.9918 313.9723 318.0945 321.7501 326.649 331.4511 338.9174 349.0457 356.9931 364.0986 368.8815 374.9868 373.1499 374.65 372.9084 370.198 365.6713 361.2544 359.6282 361.4949 364.5276 369.6126 396.7852 400.8346 399.9447 391.0597 368.6892 358.8931 380.312 379.3244 380.1387 383.5928 385.5667 382.7798 374.1529 359.5705 339.1515 314.6532 288.4944 261.3813 234.5625 208.1858 181.1969 155.0141 128.8874 103.8177 80.98538 59.18775 39.83733 24.50813 26.00497
285.9752 271.5526 261.7845 257.9859 256.2772 258.3667 262.4059 267.6493 273.0559 283.1495 297.8063 308.9135 317.4707 321.6034 325.0505 327.7969 330.2631 334.3189 338.7747 345.9152 355.7354 363.4117 370.132 374.4612 379.7563 375.2989 374.8861 371.9648 368.4164 363.8221 359.5738 357.6626 357.9452 359.3543 385.4601 384.9569 383.4543 372.5717 354.1386 350.5054 366.2668 367.6076 371.4096 377.595 383.8763 386.832 385.6366 378.9763 366.9517 350.6031 333.7442 313.4669 289.7838 264.4083 244.5933 218.9427 192.9494 162.797 131.9696 100.5735 68.28831 45.91648 26.06098 26.03585
266.1197 252.1433 243.803 242.0178 244.134 251.8671 260.2703 268.996 276.4031 288.8144 305.7691 318.2031 327.604 331.9351 335.028 336.7448 338.2711 341.598 345.6814 352.3738 361.648 368.8438 374.996 378.7724 383.159 377.3051 375.6993 371.6045 367.4931 362.9556 358.2975 355.4973 354.4296 351.803 369.2668 366.3606 354.108 333.1414 351.3502 352.637 355.5849 361.5925 369.7816 378.3104 386.0859 390.7657 391.0223 386.4254 377.0578 365.1345 346.5415 331.8065 312.1935 290.8842 267.3338 237.5602 207.4824 174.119 141.5173 108.4814 73.99829 48.47973 27.30005 25.56244
253.3346 240.8986 234.2272 233.8967 238.3373 249.158 259.7991 270.2207 278.4698 291.6098 309.0359 321.6631 331.2426 335.6994 338.8539 340.5024 341.8799 344.9933 348.8667 355.1958 363.9136 370.6099 376.2384 379.5986 383.3793 378.3175 375.5352 370.9358 366.5745 362.3845 358.4973 355.4077 350.5756 347.0244 347.8632 327.056 313.3737 340.3669 341.9792 345.0007 351.1239 360.494 370.8891 381.5426 390.4352 396.7526 399.0016 396.3087 390.3077 375.9944 359.3245 354.17 332.4793 307.9395 285.7478 244.5889 219.0621 178.4256 144.8896 117.5578 73.56811 51.25589 27.06324 23.88343
242.1785 232.1429 227.5992 228.7457 235.2523 248.5277 260.7846 272.2942 280.8904 293.9478 310.7823 322.8817 332.1839 336.6441 339.9156 341.7864 343.3123 346.4677 350.3124 356.58 365.1321 371.5805 376.8191 379.7896 382.9445 378.5137 375.278 369.8351 365.2121 360.692 356.8591 352.2612 346.1234 341.9897 338.1349 333.9576 330.9745 331.2252 334.9734 341.981 350.6887 361.7315 373.8925 385.7933 396.7479 404.86 409.525 413.1087 404.1742 389.6345 378.0472 364.3804 337.8778 312.1349 289.8049 249.1534 223.9791 183.2329 148.853 120.7001 75.08983 51.71255 25.70563 20.87168
235.0647 227.0614 224.2019 226.4035 234.2707 249.0305 262.1788 274.2071 282.8397 295.4919 311.4506 322.8652 331.7741 336.1848 339.5663 341.722 343.4758 346.7544 350.6343 356.9453 365.4849 371.8168 376.797 379.4794 382.1539 378.0133 374.7288 368.2687 363.3656 359.3016 355.0493 349.5443 343.2104 337.6854 333.1159 328.8885 326.2897 327.7079 334.4534 343.4121 353.3436 364.2569 377.4173 390.903 403.725 414.2499 428.7943 427.9262 422.0948 413.0009 388.6598 371.3603 340.5669 313.3564 290.4327 249.3925 224.1452 183.1492 148.5392 120.3477 74.70087 51.19305 24.54094 18.56336
227.4965 222.0686 221.289 224.738 234.1416 250.4834 264.5101 276.9692 285.4858 297.3926 311.9614 322.3238 330.6119 334.9249 338.4647 341.0606 343.1688 346.6333 350.5521 356.8958 365.3753 371.5169 376.1264 378.4119 380.4341 376.6241 373.5166 365.8583 360.6494 355.5806 351.1477 345.7769 339.5776 333.1375 328.6619 325.326 324.2837 328.1047 335.4644 344.1617 353.7553 365.8432 379.6732 394.2563 408.3499 433.4295 443.676 445.1533 448.9624 432.2869 400.966 379.2727 343.1339 313.7518 289.6631 247.3575 221.6425 180.1283 145.5987 117.8752 73.25925 50.23127 23.57812 16.51973
221.5478 218.3461 219.403 223.9981 234.83 252.6482 267.4801 280.296 288.6389 299.7264 312.8219 322.0756 329.699 333.9051 337.6287 340.7022 343.1507 346.705 350.5136 356.6045 364.6008 370.2249 374.203 375.9411 377.1335 374.0679 370.7951 362.6178 357.1082 351.552 346.9832 342.2284 336.9539 331.8155 327.9462 325.7575 326.2008 329.7672 336.064 344.0322 353.0969 365.3255 378.7829 400.5119 419.343 437.7156 460.1679 470 465.005 446.4361 410.6841 386.0633 346.1 314.6016 288.9479 244.3472 217.5922 175.2 141.1304 114.3879 71.93279 50.13983 24.69998 17.55598
